stable_id,record_type,canonical_record_json
urn:uuid:af68b22c-2c60-53b4-9ad7-5a3cf89d6cad,search_document,"{""dataset_id"":""urn:uuid:6090fc4b-b34d-5cff-8f65-acaa06ddd1fc"",""id"":""urn:uuid:af68b22c-2c60-53b4-9ad7-5a3cf89d6cad"",""normalized_state"":""published"",""owner_authority_id"":""urn:uuid:4dea4d1d-09ba-504e-9fcd-83524281ca97"",""owner_native_state"":""published"",""payload"":{""bounded_search_text"":""pembuktian logika dan struktur diskrit matematika diskret dmoi4"",""course_id"":""urn:uuid:8937ae38-2a8f-5cb6-b223-b62da2720974"",""learner_anchor"":null,""learner_url"":""https://kokunoyumeto.github.io/discrete-mathematics-open-introduction-id/"",""locale"":""id-ID"",""native_unit_id"":""urn:uuid:82d239c3-1cde-57c4-b480-18b23beba54a"",""order_key"":""0001.000001"",""title"":""Matematika Diskret"",""unit_id"":""urn:uuid:11550bda-ab68-58a2-ba09-1b4804a618bd""},""record_type"":""search_document"",""recorded_at"":""2026-08-30T00:00:00Z"",""semantic_key"":""b10:dmoi4:search:urn:uuid:82d239c3-1cde-57c4-b480-18b23beba54a""}"
urn:uuid:4d64e3bd-9300-58fc-9945-ec8754cf0d44,search_document,"{""dataset_id"":""urn:uuid:6090fc4b-b34d-5cff-8f65-acaa06ddd1fc"",""id"":""urn:uuid:4d64e3bd-9300-58fc-9945-ec8754cf0d44"",""normalized_state"":""published"",""owner_authority_id"":""urn:uuid:4dea4d1d-09ba-504e-9fcd-83524281ca97"",""owner_native_state"":""published"",""payload"":{""bounded_search_text"":""pembuktian logika dan struktur diskrit pendahuluan dan dasar dasar ch intro"",""course_id"":""urn:uuid:8937ae38-2a8f-5cb6-b223-b62da2720974"",""learner_anchor"":null,""learner_url"":""https://kokunoyumeto.github.io/discrete-mathematics-open-introduction-id/"",""locale"":""id-ID"",""native_unit_id"":""urn:uuid:a15e9a92-85ff-590c-8ee9-5d7d4ec7e6ba"",""order_key"":""0005.000001"",""title"":""Pendahuluan dan Dasar-Dasar"",""unit_id"":""urn:uuid:84cd5e39-b417-569a-8752-d5cfa138de04""},""record_type"":""search_document"",""recorded_at"":""2026-08-30T00:00:00Z"",""semantic_key"":""b10:dmoi4:search:urn:uuid:a15e9a92-85ff-590c-8ee9-5d7d4ec7e6ba""}"
urn:uuid:a6ad4b1b-2ad9-5dd3-bf1a-3e0c646ed587,search_document,"{""dataset_id"":""urn:uuid:6090fc4b-b34d-5cff-8f65-acaa06ddd1fc"",""id"":""urn:uuid:a6ad4b1b-2ad9-5dd3-bf1a-3e0c646ed587"",""normalized_state"":""published"",""owner_authority_id"":""urn:uuid:4dea4d1d-09ba-504e-9fcd-83524281ca97"",""owner_native_state"":""published"",""payload"":{""bounded_search_text"":""pembuktian logika dan struktur diskrit apa itu matematika diskret sec intro intro"",""course_id"":""urn:uuid:8937ae38-2a8f-5cb6-b223-b62da2720974"",""learner_anchor"":null,""learner_url"":""https://kokunoyumeto.github.io/discrete-mathematics-open-introduction-id/"",""locale"":""id-ID"",""native_unit_id"":""urn:uuid:d5ad10eb-618e-5020-ba8c-9706c0f82d36"",""order_key"":""0006.000001"",""title"":""Apa itu Matematika Diskret?"",""unit_id"":""urn:uuid:766c090b-83b7-5869-9a47-1ec6c69c15a5""},""record_type"":""search_document"",""recorded_at"":""2026-08-30T00:00:00Z"",""semantic_key"":""b10:dmoi4:search:urn:uuid:d5ad10eb-618e-5020-ba8c-9706c0f82d36""}"
urn:uuid:f22d6ee9-4cca-5be9-97c3-7ed904ca23ed,search_document,"{""dataset_id"":""urn:uuid:6090fc4b-b34d-5cff-8f65-acaa06ddd1fc"",""id"":""urn:uuid:f22d6ee9-4cca-5be9-97c3-7ed904ca23ed"",""normalized_state"":""published"",""owner_authority_id"":""urn:uuid:4dea4d1d-09ba-504e-9fcd-83524281ca97"",""owner_native_state"":""published"",""payload"":{""bounded_search_text"":""pembuktian logika dan struktur diskrit struktur diskret sec intro structures"",""course_id"":""urn:uuid:8937ae38-2a8f-5cb6-b223-b62da2720974"",""learner_anchor"":null,""learner_url"":""https://kokunoyumeto.github.io/discrete-mathematics-open-introduction-id/"",""locale"":""id-ID"",""native_unit_id"":""urn:uuid:efca38ac-b48c-5892-bfab-621754bb213f"",""order_key"":""0007.000001"",""title"":""Struktur Diskret"",""unit_id"":""urn:uuid:9051e86f-ccdc-51d1-90de-c7536078b00e""},""record_type"":""search_document"",""recorded_at"":""2026-08-30T00:00:00Z"",""semantic_key"":""b10:dmoi4:search:urn:uuid:efca38ac-b48c-5892-bfab-621754bb213f""}"
urn:uuid:843c2be4-1fed-56fb-a4bb-2dab0a546646,search_document,"{""dataset_id"":""urn:uuid:6090fc4b-b34d-5cff-8f65-acaa06ddd1fc"",""id"":""urn:uuid:843c2be4-1fed-56fb-a4bb-2dab0a546646"",""normalized_state"":""published"",""owner_authority_id"":""urn:uuid:4dea4d1d-09ba-504e-9fcd-83524281ca97"",""owner_native_state"":""published"",""payload"":{""bounded_search_text"":""pembuktian logika dan struktur diskrit pendahuluan"",""course_id"":""urn:uuid:8937ae38-2a8f-5cb6-b223-b62da2720974"",""learner_anchor"":null,""learner_url"":""https://kokunoyumeto.github.io/discrete-mathematics-open-introduction-id/"",""locale"":""id-ID"",""native_unit_id"":""urn:uuid:7c5993dd-8b3b-5d7a-aa84-3249241b2902"",""order_key"":""0007.000002"",""title"":""Pendahuluan"",""unit_id"":""urn:uuid:3e2d6337-52e0-5978-8fcd-53b54eb3371c""},""record_type"":""search_document"",""recorded_at"":""2026-08-30T00:00:00Z"",""semantic_key"":""b10:dmoi4:search:urn:uuid:7c5993dd-8b3b-5d7a-aa84-3249241b2902""}"
urn:uuid:ec65b41f-7063-5ec5-b0c6-563d4fc4cd05,search_document,"{""dataset_id"":""urn:uuid:6090fc4b-b34d-5cff-8f65-acaa06ddd1fc"",""id"":""urn:uuid:ec65b41f-7063-5ec5-b0c6-563d4fc4cd05"",""normalized_state"":""published"",""owner_authority_id"":""urn:uuid:4dea4d1d-09ba-504e-9fcd-83524281ca97"",""owner_native_state"":""published"",""payload"":{""bounded_search_text"":""pembuktian logika dan struktur diskrit himpunan subsec structures sets"",""course_id"":""urn:uuid:8937ae38-2a8f-5cb6-b223-b62da2720974"",""learner_anchor"":null,""learner_url"":""https://kokunoyumeto.github.io/discrete-mathematics-open-introduction-id/"",""locale"":""id-ID"",""native_unit_id"":""urn:uuid:efd1261e-76a8-5f4e-97e5-4333fe0a3277"",""order_key"":""0007.000007"",""title"":""Himpunan"",""unit_id"":""urn:uuid:6b2a4f1c-3c35-5bd1-bc52-5765d6f46456""},""record_type"":""search_document"",""recorded_at"":""2026-08-30T00:00:00Z"",""semantic_key"":""b10:dmoi4:search:urn:uuid:efd1261e-76a8-5f4e-97e5-4333fe0a3277""}"
urn:uuid:f75d064b-ce17-54dc-b026-ee178aed9fed,search_document,"{""dataset_id"":""urn:uuid:6090fc4b-b34d-5cff-8f65-acaa06ddd1fc"",""id"":""urn:uuid:f75d064b-ce17-54dc-b026-ee178aed9fed"",""normalized_state"":""published"",""owner_authority_id"":""urn:uuid:4dea4d1d-09ba-504e-9fcd-83524281ca97"",""owner_native_state"":""published"",""payload"":{""bounded_search_text"":""pembuktian logika dan struktur diskrit fungsi subsec structures functions"",""course_id"":""urn:uuid:8937ae38-2a8f-5cb6-b223-b62da2720974"",""learner_anchor"":null,""learner_url"":""https://kokunoyumeto.github.io/discrete-mathematics-open-introduction-id/"",""locale"":""id-ID"",""native_unit_id"":""urn:uuid:9f48b5ff-4d59-5007-8e41-6772ca2e8596"",""order_key"":""0007.000009"",""title"":""Fungsi"",""unit_id"":""urn:uuid:d7bb0097-2569-5d12-a917-79ca08045b39""},""record_type"":""search_document"",""recorded_at"":""2026-08-30T00:00:00Z"",""semantic_key"":""b10:dmoi4:search:urn:uuid:9f48b5ff-4d59-5007-8e41-6772ca2e8596""}"
urn:uuid:958f670e-6d48-53de-baf9-1a7fb9cb712e,search_document,"{""dataset_id"":""urn:uuid:6090fc4b-b34d-5cff-8f65-acaa06ddd1fc"",""id"":""urn:uuid:958f670e-6d48-53de-baf9-1a7fb9cb712e"",""normalized_state"":""published"",""owner_authority_id"":""urn:uuid:4dea4d1d-09ba-504e-9fcd-83524281ca97"",""owner_native_state"":""published"",""payload"":{""bounded_search_text"":""pembuktian logika dan struktur diskrit barisan subsec structures sequences"",""course_id"":""urn:uuid:8937ae38-2a8f-5cb6-b223-b62da2720974"",""learner_anchor"":null,""learner_url"":""https://kokunoyumeto.github.io/discrete-mathematics-open-introduction-id/"",""locale"":""id-ID"",""native_unit_id"":""urn:uuid:c62f81d9-e1b1-5b8f-a1ca-222b980eea84"",""order_key"":""0007.000017"",""title"":""Barisan"",""unit_id"":""urn:uuid:b979da6e-1e58-52af-a0be-aef429a0450e""},""record_type"":""search_document"",""recorded_at"":""2026-08-30T00:00:00Z"",""semantic_key"":""b10:dmoi4:search:urn:uuid:c62f81d9-e1b1-5b8f-a1ca-222b980eea84""}"
urn:uuid:385fd2e6-78e6-5774-b831-51e921d0d9ad,search_document,"{""dataset_id"":""urn:uuid:6090fc4b-b34d-5cff-8f65-acaa06ddd1fc"",""id"":""urn:uuid:385fd2e6-78e6-5774-b831-51e921d0d9ad"",""normalized_state"":""published"",""owner_authority_id"":""urn:uuid:4dea4d1d-09ba-504e-9fcd-83524281ca97"",""owner_native_state"":""published"",""payload"":{""bounded_search_text"":""pembuktian logika dan struktur diskrit relasi subsec relations"",""course_id"":""urn:uuid:8937ae38-2a8f-5cb6-b223-b62da2720974"",""learner_anchor"":null,""learner_url"":""https://kokunoyumeto.github.io/discrete-mathematics-open-introduction-id/"",""locale"":""id-ID"",""native_unit_id"":""urn:uuid:437004b6-9db4-521e-bbdc-443327280397"",""order_key"":""0007.000027"",""title"":""Relasi"",""unit_id"":""urn:uuid:4db66166-83d2-567a-89d6-e549c98bf28a""},""record_type"":""search_document"",""recorded_at"":""2026-08-30T00:00:00Z"",""semantic_key"":""b10:dmoi4:search:urn:uuid:437004b6-9db4-521e-bbdc-443327280397""}"
urn:uuid:62a0c8fd-9435-5607-be8f-0121298b2148,search_document,"{""dataset_id"":""urn:uuid:6090fc4b-b34d-5cff-8f65-acaa06ddd1fc"",""id"":""urn:uuid:62a0c8fd-9435-5607-be8f-0121298b2148"",""normalized_state"":""published"",""owner_authority_id"":""urn:uuid:4dea4d1d-09ba-504e-9fcd-83524281ca97"",""owner_native_state"":""published"",""payload"":{""bounded_search_text"":""pembuktian logika dan struktur diskrit graf subsec structures graphs"",""course_id"":""urn:uuid:8937ae38-2a8f-5cb6-b223-b62da2720974"",""learner_anchor"":null,""learner_url"":""https://kokunoyumeto.github.io/discrete-mathematics-open-introduction-id/"",""locale"":""id-ID"",""native_unit_id"":""urn:uuid:20050fc6-9223-5ecb-8b25-c4d3241193f7"",""order_key"":""0007.000037"",""title"":""Graf"",""unit_id"":""urn:uuid:299f0824-e5f1-5371-b8b9-ae1c3d2c9efa""},""record_type"":""search_document"",""recorded_at"":""2026-08-30T00:00:00Z"",""semantic_key"":""b10:dmoi4:search:urn:uuid:20050fc6-9223-5ecb-8b25-c4d3241193f7""}"
urn:uuid:c887f77f-30ed-5ebd-8276-97eeb9b1da50,search_document,"{""dataset_id"":""urn:uuid:6090fc4b-b34d-5cff-8f65-acaa06ddd1fc"",""id"":""urn:uuid:c887f77f-30ed-5ebd-8276-97eeb9b1da50"",""normalized_state"":""published"",""owner_authority_id"":""urn:uuid:4dea4d1d-09ba-504e-9fcd-83524281ca97"",""owner_native_state"":""published"",""payload"":{""bounded_search_text"":""pembuktian logika dan struktur diskrit lebih banyak lagi struktur subsec structures even more"",""course_id"":""urn:uuid:8937ae38-2a8f-5cb6-b223-b62da2720974"",""learner_anchor"":null,""learner_url"":""https://kokunoyumeto.github.io/discrete-mathematics-open-introduction-id/"",""locale"":""id-ID"",""native_unit_id"":""urn:uuid:ce1ad081-835f-5198-92b4-22c6e8b1c25b"",""order_key"":""0007.000041"",""title"":""Lebih Banyak Lagi Struktur"",""unit_id"":""urn:uuid:f9f985ef-4ade-58cd-8508-84ebd4099b68""},""record_type"":""search_document"",""recorded_at"":""2026-08-30T00:00:00Z"",""semantic_key"":""b10:dmoi4:search:urn:uuid:ce1ad081-835f-5198-92b4-22c6e8b1c25b""}"
urn:uuid:b849392f-e8bd-5bf3-af86-d674ef81952f,search_document,"{""dataset_id"":""urn:uuid:6090fc4b-b34d-5cff-8f65-acaa06ddd1fc"",""id"":""urn:uuid:b849392f-e8bd-5bf3-af86-d674ef81952f"",""normalized_state"":""published"",""owner_authority_id"":""urn:uuid:4dea4d1d-09ba-504e-9fcd-83524281ca97"",""owner_native_state"":""published"",""payload"":{""bounded_search_text"":""pembuktian logika dan struktur diskrit logika dan pembuktian ch logic"",""course_id"":""urn:uuid:8937ae38-2a8f-5cb6-b223-b62da2720974"",""learner_anchor"":null,""learner_url"":""https://kokunoyumeto.github.io/discrete-mathematics-open-introduction-id/"",""locale"":""id-ID"",""native_unit_id"":""urn:uuid:dcc8a1b1-baec-5ebb-ace0-b05ac0b0dbb3"",""order_key"":""0008.000001"",""title"":""Logika dan Pembuktian"",""unit_id"":""urn:uuid:8cc6bdb5-98aa-5c1e-b187-b04733a0c205""},""record_type"":""search_document"",""recorded_at"":""2026-08-30T00:00:00Z"",""semantic_key"":""b10:dmoi4:search:urn:uuid:dcc8a1b1-baec-5ebb-ace0-b05ac0b0dbb3""}"
urn:uuid:2da10258-3f8c-56b6-a354-71953d227e9a,search_document,"{""dataset_id"":""urn:uuid:6090fc4b-b34d-5cff-8f65-acaa06ddd1fc"",""id"":""urn:uuid:2da10258-3f8c-56b6-a354-71953d227e9a"",""normalized_state"":""published"",""owner_authority_id"":""urn:uuid:4dea4d1d-09ba-504e-9fcd-83524281ca97"",""owner_native_state"":""published"",""payload"":{""bounded_search_text"":""pembuktian logika dan struktur diskrit pernyataan matematis sec logic statements"",""course_id"":""urn:uuid:8937ae38-2a8f-5cb6-b223-b62da2720974"",""learner_anchor"":null,""learner_url"":""https://kokunoyumeto.github.io/discrete-mathematics-open-introduction-id/"",""locale"":""id-ID"",""native_unit_id"":""urn:uuid:d267e9b0-4f2c-59d8-be2f-fea5a4ef7e93"",""order_key"":""0009.000001"",""title"":""Pernyataan Matematis"",""unit_id"":""urn:uuid:c3756ea1-fba4-5de4-88f5-2b9a431cb4b3""},""record_type"":""search_document"",""recorded_at"":""2026-08-30T00:00:00Z"",""semantic_key"":""b10:dmoi4:search:urn:uuid:d267e9b0-4f2c-59d8-be2f-fea5a4ef7e93""}"
urn:uuid:160da897-cba5-5d53-8bf6-b76fff8e302b,search_document,"{""dataset_id"":""urn:uuid:6090fc4b-b34d-5cff-8f65-acaa06ddd1fc"",""id"":""urn:uuid:160da897-cba5-5d53-8bf6-b76fff8e302b"",""normalized_state"":""published"",""owner_authority_id"":""urn:uuid:4dea4d1d-09ba-504e-9fcd-83524281ca97"",""owner_native_state"":""published"",""payload"":{""bounded_search_text"":""pembuktian logika dan struktur diskrit pratinjau bagian"",""course_id"":""urn:uuid:8937ae38-2a8f-5cb6-b223-b62da2720974"",""learner_anchor"":null,""learner_url"":""https://kokunoyumeto.github.io/discrete-mathematics-open-introduction-id/"",""locale"":""id-ID"",""native_unit_id"":""urn:uuid:1ce5d3c9-15e3-5454-9647-fb4816ced777"",""order_key"":""0009.000003"",""title"":""Pratinjau Bagian"",""unit_id"":""urn:uuid:8729e8a5-9bfa-5a59-af37-a9ccdec0611c""},""record_type"":""search_document"",""recorded_at"":""2026-08-30T00:00:00Z"",""semantic_key"":""b10:dmoi4:search:urn:uuid:1ce5d3c9-15e3-5454-9647-fb4816ced777""}"
urn:uuid:4adbe38c-b488-5f24-be40-654789ec697a,search_document,"{""dataset_id"":""urn:uuid:6090fc4b-b34d-5cff-8f65-acaa06ddd1fc"",""id"":""urn:uuid:4adbe38c-b488-5f24-be40-654789ec697a"",""normalized_state"":""published"",""owner_authority_id"":""urn:uuid:4dea4d1d-09ba-504e-9fcd-83524281ca97"",""owner_native_state"":""published"",""payload"":{""bounded_search_text"":""pembuktian logika dan struktur diskrit pernyataan atomik dan molekuler atomic molecular statements"",""course_id"":""urn:uuid:8937ae38-2a8f-5cb6-b223-b62da2720974"",""learner_anchor"":null,""learner_url"":""https://kokunoyumeto.github.io/discrete-mathematics-open-introduction-id/"",""locale"":""id-ID"",""native_unit_id"":""urn:uuid:4ebee82f-1c11-5a7d-bc0b-36c9bda66ced"",""order_key"":""0009.000032"",""title"":""Pernyataan Atomik dan Molekuler"",""unit_id"":""urn:uuid:31b8e990-3f1b-5b8e-ac4c-9b25742a7baa""},""record_type"":""search_document"",""recorded_at"":""2026-08-30T00:00:00Z"",""semantic_key"":""b10:dmoi4:search:urn:uuid:4ebee82f-1c11-5a7d-bc0b-36c9bda66ced""}"
urn:uuid:b986c17a-0932-54df-975c-91569bdeb0a3,search_document,"{""dataset_id"":""urn:uuid:6090fc4b-b34d-5cff-8f65-acaa06ddd1fc"",""id"":""urn:uuid:b986c17a-0932-54df-975c-91569bdeb0a3"",""normalized_state"":""published"",""owner_authority_id"":""urn:uuid:4dea4d1d-09ba-504e-9fcd-83524281ca97"",""owner_native_state"":""published"",""payload"":{""bounded_search_text"":""pembuktian logika dan struktur diskrit kuantor dan predikat subsec logic statements quant"",""course_id"":""urn:uuid:8937ae38-2a8f-5cb6-b223-b62da2720974"",""learner_anchor"":null,""learner_url"":""https://kokunoyumeto.github.io/discrete-mathematics-open-introduction-id/"",""locale"":""id-ID"",""native_unit_id"":""urn:uuid:534cf573-b62a-58c4-9b9b-cf06e171c88e"",""order_key"":""0009.000087"",""title"":""Kuantor dan Predikat"",""unit_id"":""urn:uuid:312e4a06-dc22-5bfd-b100-b7536c280fc7""},""record_type"":""search_document"",""recorded_at"":""2026-08-30T00:00:00Z"",""semantic_key"":""b10:dmoi4:search:urn:uuid:534cf573-b62a-58c4-9b9b-cf06e171c88e""}"
urn:uuid:4cea2c17-a6d8-58a9-a2f6-79867ed33355,search_document,"{""dataset_id"":""urn:uuid:6090fc4b-b34d-5cff-8f65-acaa06ddd1fc"",""id"":""urn:uuid:4cea2c17-a6d8-58a9-a2f6-79867ed33355"",""normalized_state"":""published"",""owner_authority_id"":""urn:uuid:4dea4d1d-09ba-504e-9fcd-83524281ca97"",""owner_native_state"":""published"",""payload"":{""bounded_search_text"":""pembuktian logika dan struktur diskrit implikasi sec logic implications"",""course_id"":""urn:uuid:8937ae38-2a8f-5cb6-b223-b62da2720974"",""learner_anchor"":null,""learner_url"":""https://kokunoyumeto.github.io/discrete-mathematics-open-introduction-id/"",""locale"":""id-ID"",""native_unit_id"":""urn:uuid:9755415d-7e8e-58bd-b71a-627f7787e534"",""order_key"":""0014.000001"",""title"":""Implikasi"",""unit_id"":""urn:uuid:73354fe7-5dd9-56b2-9548-ea98cebcabe7""},""record_type"":""search_document"",""recorded_at"":""2026-08-30T00:00:00Z"",""semantic_key"":""b10:dmoi4:search:urn:uuid:9755415d-7e8e-58bd-b71a-627f7787e534""}"
urn:uuid:2fc8ebe9-c732-5f50-81b5-2ce391b0abd6,search_document,"{""dataset_id"":""urn:uuid:6090fc4b-b34d-5cff-8f65-acaa06ddd1fc"",""id"":""urn:uuid:2fc8ebe9-c732-5f50-81b5-2ce391b0abd6"",""normalized_state"":""published"",""owner_authority_id"":""urn:uuid:4dea4d1d-09ba-504e-9fcd-83524281ca97"",""owner_native_state"":""published"",""payload"":{""bounded_search_text"":""pembuktian logika dan struktur diskrit pratinjau bagian subsec introduction"",""course_id"":""urn:uuid:8937ae38-2a8f-5cb6-b223-b62da2720974"",""learner_anchor"":null,""learner_url"":""https://kokunoyumeto.github.io/discrete-mathematics-open-introduction-id/"",""locale"":""id-ID"",""native_unit_id"":""urn:uuid:477b71fa-a708-54ca-aa0a-a022e9107e4f"",""order_key"":""0014.000003"",""title"":""Pratinjau Bagian"",""unit_id"":""urn:uuid:f4d28aef-e9ba-5929-93ab-9e56bbeb4845""},""record_type"":""search_document"",""recorded_at"":""2026-08-30T00:00:00Z"",""semantic_key"":""b10:dmoi4:search:urn:uuid:477b71fa-a708-54ca-aa0a-a022e9107e4f""}"
urn:uuid:7e29bfaf-f757-57af-8331-dcd8ae2decb8,search_document,"{""dataset_id"":""urn:uuid:6090fc4b-b34d-5cff-8f65-acaa06ddd1fc"",""id"":""urn:uuid:7e29bfaf-f757-57af-8331-dcd8ae2decb8"",""normalized_state"":""published"",""owner_authority_id"":""urn:uuid:4dea4d1d-09ba-504e-9fcd-83524281ca97"",""owner_native_state"":""published"",""payload"":{""bounded_search_text"":""pembuktian logika dan struktur diskrit memahami tabel kebenaran subsec implications"",""course_id"":""urn:uuid:8937ae38-2a8f-5cb6-b223-b62da2720974"",""learner_anchor"":null,""learner_url"":""https://kokunoyumeto.github.io/discrete-mathematics-open-introduction-id/"",""locale"":""id-ID"",""native_unit_id"":""urn:uuid:1e2aa05b-49df-5806-b999-c8cd2ae9252d"",""order_key"":""0014.000019"",""title"":""Memahami Tabel Kebenaran"",""unit_id"":""urn:uuid:da5a6067-9036-5183-8fab-01a6a429bfa5""},""record_type"":""search_document"",""recorded_at"":""2026-08-30T00:00:00Z"",""semantic_key"":""b10:dmoi4:search:urn:uuid:1e2aa05b-49df-5806-b999-c8cd2ae9252d""}"
urn:uuid:185cb198-2e2f-57e7-8514-2879299140bd,search_document,"{""dataset_id"":""urn:uuid:6090fc4b-b34d-5cff-8f65-acaa06ddd1fc"",""id"":""urn:uuid:185cb198-2e2f-57e7-8514-2879299140bd"",""normalized_state"":""published"",""owner_authority_id"":""urn:uuid:4dea4d1d-09ba-504e-9fcd-83524281ca97"",""owner_native_state"":""published"",""payload"":{""bounded_search_text"":""pembuktian logika dan struktur diskrit pernyataan yang berkaitan subsec related statements"",""course_id"":""urn:uuid:8937ae38-2a8f-5cb6-b223-b62da2720974"",""learner_anchor"":null,""learner_url"":""https://kokunoyumeto.github.io/discrete-mathematics-open-introduction-id/"",""locale"":""id-ID"",""native_unit_id"":""urn:uuid:c4fb9c9e-e59b-5a7d-a14e-0dac93dccad2"",""order_key"":""0014.000025"",""title"":""Pernyataan yang Berkaitan"",""unit_id"":""urn:uuid:bac3b8c4-fa61-5975-af6c-dec43c9a9946""},""record_type"":""search_document"",""recorded_at"":""2026-08-30T00:00:00Z"",""semantic_key"":""b10:dmoi4:search:urn:uuid:c4fb9c9e-e59b-5a7d-a14e-0dac93dccad2""}"
urn:uuid:74e7ddb1-4e6a-560e-be2f-4edf19c4a012,search_document,"{""dataset_id"":""urn:uuid:6090fc4b-b34d-5cff-8f65-acaa06ddd1fc"",""id"":""urn:uuid:74e7ddb1-4e6a-560e-be2f-4edf19c4a012"",""normalized_state"":""published"",""owner_authority_id"":""urn:uuid:4dea4d1d-09ba-504e-9fcd-83524281ca97"",""owner_native_state"":""published"",""payload"":{""bounded_search_text"":""pembuktian logika dan struktur diskrit aturan logika sec logic rules"",""course_id"":""urn:uuid:8937ae38-2a8f-5cb6-b223-b62da2720974"",""learner_anchor"":null,""learner_url"":""https://kokunoyumeto.github.io/discrete-mathematics-open-introduction-id/"",""locale"":""id-ID"",""native_unit_id"":""urn:uuid:75565ac0-0188-5e97-9b71-0fe965d8f204"",""order_key"":""0017.000001"",""title"":""Aturan Logika"",""unit_id"":""urn:uuid:9f397d4d-f919-53af-9ee7-14d6ed96a5b1""},""record_type"":""search_document"",""recorded_at"":""2026-08-30T00:00:00Z"",""semantic_key"":""b10:dmoi4:search:urn:uuid:75565ac0-0188-5e97-9b71-0fe965d8f204""}"
urn:uuid:15937da5-2064-5b20-bfd6-8d67b2614945,search_document,"{""dataset_id"":""urn:uuid:6090fc4b-b34d-5cff-8f65-acaa06ddd1fc"",""id"":""urn:uuid:15937da5-2064-5b20-bfd6-8d67b2614945"",""normalized_state"":""published"",""owner_authority_id"":""urn:uuid:4dea4d1d-09ba-504e-9fcd-83524281ca97"",""owner_native_state"":""published"",""payload"":{""bounded_search_text"":""pembuktian logika dan struktur diskrit pratinjau bagian"",""course_id"":""urn:uuid:8937ae38-2a8f-5cb6-b223-b62da2720974"",""learner_anchor"":null,""learner_url"":""https://kokunoyumeto.github.io/discrete-mathematics-open-introduction-id/"",""locale"":""id-ID"",""native_unit_id"":""urn:uuid:a59fa894-43a4-5162-a043-1d683bc7e52e"",""order_key"":""0017.000003"",""title"":""Pratinjau Bagian"",""unit_id"":""urn:uuid:5996e8aa-17f7-597c-96ca-ba3e878f62b2""},""record_type"":""search_document"",""recorded_at"":""2026-08-30T00:00:00Z"",""semantic_key"":""b10:dmoi4:search:urn:uuid:a59fa894-43a4-5162-a043-1d683bc7e52e""}"
urn:uuid:930789a5-e5da-503f-8bfe-bffe8a6d286b,search_document,"{""dataset_id"":""urn:uuid:6090fc4b-b34d-5cff-8f65-acaa06ddd1fc"",""id"":""urn:uuid:930789a5-e5da-503f-8bfe-bffe8a6d286b"",""normalized_state"":""published"",""owner_authority_id"":""urn:uuid:4dea4d1d-09ba-504e-9fcd-83524281ca97"",""owner_native_state"":""published"",""payload"":{""bounded_search_text"":""pembuktian logika dan struktur diskrit tabel kebenaran"",""course_id"":""urn:uuid:8937ae38-2a8f-5cb6-b223-b62da2720974"",""learner_anchor"":null,""learner_url"":""https://kokunoyumeto.github.io/discrete-mathematics-open-introduction-id/"",""locale"":""id-ID"",""native_unit_id"":""urn:uuid:ee5e6c65-fb1e-505e-850a-fc1c241c0555"",""order_key"":""0017.000011"",""title"":""Tabel Kebenaran"",""unit_id"":""urn:uuid:5f8d9d1b-bc2e-59ce-b1e3-5baf65adda90""},""record_type"":""search_document"",""recorded_at"":""2026-08-30T00:00:00Z"",""semantic_key"":""b10:dmoi4:search:urn:uuid:ee5e6c65-fb1e-505e-850a-fc1c241c0555""}"
urn:uuid:2f4b406a-008f-5bbb-8978-115144a1f726,search_document,"{""dataset_id"":""urn:uuid:6090fc4b-b34d-5cff-8f65-acaa06ddd1fc"",""id"":""urn:uuid:2f4b406a-008f-5bbb-8978-115144a1f726"",""normalized_state"":""published"",""owner_authority_id"":""urn:uuid:4dea4d1d-09ba-504e-9fcd-83524281ca97"",""owner_native_state"":""published"",""payload"":{""bounded_search_text"":""pembuktian logika dan struktur diskrit ekuivalensi logis"",""course_id"":""urn:uuid:8937ae38-2a8f-5cb6-b223-b62da2720974"",""learner_anchor"":null,""learner_url"":""https://kokunoyumeto.github.io/discrete-mathematics-open-introduction-id/"",""locale"":""id-ID"",""native_unit_id"":""urn:uuid:1097d4b3-80a2-5df0-84f7-e3b1ab75e4be"",""order_key"":""0017.000019"",""title"":""Ekuivalensi Logis"",""unit_id"":""urn:uuid:381a8881-37e6-524c-a408-553697603f3c""},""record_type"":""search_document"",""recorded_at"":""2026-08-30T00:00:00Z"",""semantic_key"":""b10:dmoi4:search:urn:uuid:1097d4b3-80a2-5df0-84f7-e3b1ab75e4be""}"
urn:uuid:0306f7b6-224f-5d94-bf50-0106bd51b63b,search_document,"{""dataset_id"":""urn:uuid:6090fc4b-b34d-5cff-8f65-acaa06ddd1fc"",""id"":""urn:uuid:0306f7b6-224f-5d94-bf50-0106bd51b63b"",""normalized_state"":""published"",""owner_authority_id"":""urn:uuid:4dea4d1d-09ba-504e-9fcd-83524281ca97"",""owner_native_state"":""published"",""payload"":{""bounded_search_text"":""pembuktian logika dan struktur diskrit ekuivalensi untuk pernyataan berkuantor"",""course_id"":""urn:uuid:8937ae38-2a8f-5cb6-b223-b62da2720974"",""learner_anchor"":null,""learner_url"":""https://kokunoyumeto.github.io/discrete-mathematics-open-introduction-id/"",""locale"":""id-ID"",""native_unit_id"":""urn:uuid:678d2c32-d7bd-5cb3-a2c1-24e1748a821d"",""order_key"":""0017.000038"",""title"":""Ekuivalensi untuk Pernyataan Berkuantor"",""unit_id"":""urn:uuid:13df02c2-6879-50f3-9437-c523619594ae""},""record_type"":""search_document"",""recorded_at"":""2026-08-30T00:00:00Z"",""semantic_key"":""b10:dmoi4:search:urn:uuid:678d2c32-d7bd-5cb3-a2c1-24e1748a821d""}"
urn:uuid:3d412e90-c12d-523a-93e1-68220eb242d3,search_document,"{""dataset_id"":""urn:uuid:6090fc4b-b34d-5cff-8f65-acaa06ddd1fc"",""id"":""urn:uuid:3d412e90-c12d-523a-93e1-68220eb242d3"",""normalized_state"":""published"",""owner_authority_id"":""urn:uuid:4dea4d1d-09ba-504e-9fcd-83524281ca97"",""owner_native_state"":""published"",""payload"":{""bounded_search_text"":""pembuktian logika dan struktur diskrit deduksi"",""course_id"":""urn:uuid:8937ae38-2a8f-5cb6-b223-b62da2720974"",""learner_anchor"":null,""learner_url"":""https://kokunoyumeto.github.io/discrete-mathematics-open-introduction-id/"",""locale"":""id-ID"",""native_unit_id"":""urn:uuid:d0604aed-7823-5452-98e4-c842363ae352"",""order_key"":""0017.000049"",""title"":""Deduksi"",""unit_id"":""urn:uuid:fcbaa9a2-807c-5893-979b-cca4c7bfe544""},""record_type"":""search_document"",""recorded_at"":""2026-08-30T00:00:00Z"",""semantic_key"":""b10:dmoi4:search:urn:uuid:d0604aed-7823-5452-98e4-c842363ae352""}"
urn:uuid:8b96bbcd-f527-51e0-b5ba-6b3569f87d5d,search_document,"{""dataset_id"":""urn:uuid:6090fc4b-b34d-5cff-8f65-acaa06ddd1fc"",""id"":""urn:uuid:8b96bbcd-f527-51e0-b5ba-6b3569f87d5d"",""normalized_state"":""published"",""owner_authority_id"":""urn:uuid:4dea4d1d-09ba-504e-9fcd-83524281ca97"",""owner_native_state"":""published"",""payload"":{""bounded_search_text"":""pembuktian logika dan struktur diskrit pembuktian sec logic proofs"",""course_id"":""urn:uuid:8937ae38-2a8f-5cb6-b223-b62da2720974"",""learner_anchor"":null,""learner_url"":""https://kokunoyumeto.github.io/discrete-mathematics-open-introduction-id/"",""locale"":""id-ID"",""native_unit_id"":""urn:uuid:897c18f0-2375-5d3e-9e58-2ee2770232de"",""order_key"":""0020.000001"",""title"":""Pembuktian"",""unit_id"":""urn:uuid:282b6624-d3b7-57a1-9f1f-b1f2af380af2""},""record_type"":""search_document"",""recorded_at"":""2026-08-30T00:00:00Z"",""semantic_key"":""b10:dmoi4:search:urn:uuid:897c18f0-2375-5d3e-9e58-2ee2770232de""}"
urn:uuid:fccd0bd3-6c0b-582c-9d6e-2bca744eea3d,search_document,"{""dataset_id"":""urn:uuid:6090fc4b-b34d-5cff-8f65-acaa06ddd1fc"",""id"":""urn:uuid:fccd0bd3-6c0b-582c-9d6e-2bca744eea3d"",""normalized_state"":""published"",""owner_authority_id"":""urn:uuid:4dea4d1d-09ba-504e-9fcd-83524281ca97"",""owner_native_state"":""published"",""payload"":{""bounded_search_text"":""pembuktian logika dan struktur diskrit pratinjau bagian logic proofs intro"",""course_id"":""urn:uuid:8937ae38-2a8f-5cb6-b223-b62da2720974"",""learner_anchor"":null,""learner_url"":""https://kokunoyumeto.github.io/discrete-mathematics-open-introduction-id/"",""locale"":""id-ID"",""native_unit_id"":""urn:uuid:7b2c9539-0140-52a8-b334-26ee7e47fd38"",""order_key"":""0020.000003"",""title"":""Pratinjau Bagian"",""unit_id"":""urn:uuid:16cf28e8-8094-5c2e-8016-9a823e5af94d""},""record_type"":""search_document"",""recorded_at"":""2026-08-30T00:00:00Z"",""semantic_key"":""b10:dmoi4:search:urn:uuid:7b2c9539-0140-52a8-b334-26ee7e47fd38""}"
urn:uuid:cd0362c0-491d-552b-97be-d60826bdf9c6,search_document,"{""dataset_id"":""urn:uuid:6090fc4b-b34d-5cff-8f65-acaa06ddd1fc"",""id"":""urn:uuid:cd0362c0-491d-552b-97be-d60826bdf9c6"",""normalized_state"":""published"",""owner_authority_id"":""urn:uuid:4dea4d1d-09ba-504e-9fcd-83524281ca97"",""owner_native_state"":""published"",""payload"":{""bounded_search_text"":""pembuktian logika dan struktur diskrit pembuktian langsung"",""course_id"":""urn:uuid:8937ae38-2a8f-5cb6-b223-b62da2720974"",""learner_anchor"":null,""learner_url"":""https://kokunoyumeto.github.io/discrete-mathematics-open-introduction-id/"",""locale"":""id-ID"",""native_unit_id"":""urn:uuid:35ae3025-0fa1-5aa4-bb83-1bc712d9752e"",""order_key"":""0020.000009"",""title"":""Pembuktian Langsung"",""unit_id"":""urn:uuid:33285309-8b39-5c88-b3a4-74dc75709e3a""},""record_type"":""search_document"",""recorded_at"":""2026-08-30T00:00:00Z"",""semantic_key"":""b10:dmoi4:search:urn:uuid:35ae3025-0fa1-5aa4-bb83-1bc712d9752e""}"
urn:uuid:1e5290a1-9959-544c-b6b3-480e319ac325,search_document,"{""dataset_id"":""urn:uuid:6090fc4b-b34d-5cff-8f65-acaa06ddd1fc"",""id"":""urn:uuid:1e5290a1-9959-544c-b6b3-480e319ac325"",""normalized_state"":""published"",""owner_authority_id"":""urn:uuid:4dea4d1d-09ba-504e-9fcd-83524281ca97"",""owner_native_state"":""published"",""payload"":{""bounded_search_text"":""pembuktian logika dan struktur diskrit pembuktian melalui kontraposisi"",""course_id"":""urn:uuid:8937ae38-2a8f-5cb6-b223-b62da2720974"",""learner_anchor"":null,""learner_url"":""https://kokunoyumeto.github.io/discrete-mathematics-open-introduction-id/"",""locale"":""id-ID"",""native_unit_id"":""urn:uuid:920170b3-2d61-5507-83a9-689cd2210a3a"",""order_key"":""0020.000029"",""title"":""Pembuktian melalui Kontraposisi"",""unit_id"":""urn:uuid:96cb5fa7-fba1-53de-944e-4848780f72b9""},""record_type"":""search_document"",""recorded_at"":""2026-08-30T00:00:00Z"",""semantic_key"":""b10:dmoi4:search:urn:uuid:920170b3-2d61-5507-83a9-689cd2210a3a""}"
urn:uuid:d73ea312-4c20-5f71-b690-ff551a10bdcd,search_document,"{""dataset_id"":""urn:uuid:6090fc4b-b34d-5cff-8f65-acaa06ddd1fc"",""id"":""urn:uuid:d73ea312-4c20-5f71-b690-ff551a10bdcd"",""normalized_state"":""published"",""owner_authority_id"":""urn:uuid:4dea4d1d-09ba-504e-9fcd-83524281ca97"",""owner_native_state"":""published"",""payload"":{""bounded_search_text"":""pembuktian logika dan struktur diskrit pembuktian dengan kontradiksi"",""course_id"":""urn:uuid:8937ae38-2a8f-5cb6-b223-b62da2720974"",""learner_anchor"":null,""learner_url"":""https://kokunoyumeto.github.io/discrete-mathematics-open-introduction-id/"",""locale"":""id-ID"",""native_unit_id"":""urn:uuid:4b83ce11-a05c-5287-a950-64bfa3304e93"",""order_key"":""0020.000044"",""title"":""Pembuktian dengan Kontradiksi"",""unit_id"":""urn:uuid:5bc38ae9-c8a3-5778-8281-cb1fd27a1aa8""},""record_type"":""search_document"",""recorded_at"":""2026-08-30T00:00:00Z"",""semantic_key"":""b10:dmoi4:search:urn:uuid:4b83ce11-a05c-5287-a950-64bfa3304e93""}"
urn:uuid:d8e56d12-2059-55b8-8ab4-456a748ab165,search_document,"{""dataset_id"":""urn:uuid:6090fc4b-b34d-5cff-8f65-acaa06ddd1fc"",""id"":""urn:uuid:d8e56d12-2059-55b8-8ab4-456a748ab165"",""normalized_state"":""published"",""owner_authority_id"":""urn:uuid:4dea4d1d-09ba-504e-9fcd-83524281ca97"",""owner_native_state"":""published"",""payload"":{""bounded_search_text"":""pembuktian logika dan struktur diskrit ringkasan gaya pembuktian subsec summary of proof styles"",""course_id"":""urn:uuid:8937ae38-2a8f-5cb6-b223-b62da2720974"",""learner_anchor"":null,""learner_url"":""https://kokunoyumeto.github.io/discrete-mathematics-open-introduction-id/"",""locale"":""id-ID"",""native_unit_id"":""urn:uuid:9974619c-b6d2-5419-bb7d-bd90a199a8a4"",""order_key"":""0020.000063"",""title"":""Ringkasan Gaya Pembuktian"",""unit_id"":""urn:uuid:b6b05022-6e65-59e7-a9b7-73b679c98d56""},""record_type"":""search_document"",""recorded_at"":""2026-08-30T00:00:00Z"",""semantic_key"":""b10:dmoi4:search:urn:uuid:9974619c-b6d2-5419-bb7d-bd90a199a8a4""}"
urn:uuid:49dfece1-4924-53a4-bb39-d6b8ece1a4c7,search_document,"{""dataset_id"":""urn:uuid:6090fc4b-b34d-5cff-8f65-acaa06ddd1fc"",""id"":""urn:uuid:49dfece1-4924-53a4-bb39-d6b8ece1a4c7"",""normalized_state"":""published"",""owner_authority_id"":""urn:uuid:4dea4d1d-09ba-504e-9fcd-83524281ca97"",""owner_native_state"":""published"",""payload"":{""bounded_search_text"":""pembuktian logika dan struktur diskrit bukti tentang struktur diskret sec logic structures"",""course_id"":""urn:uuid:8937ae38-2a8f-5cb6-b223-b62da2720974"",""learner_anchor"":null,""learner_url"":""https://kokunoyumeto.github.io/discrete-mathematics-open-introduction-id/"",""locale"":""id-ID"",""native_unit_id"":""urn:uuid:fa0b5a48-6a48-5dc9-b270-10bcb7dbf256"",""order_key"":""0024.000001"",""title"":""Bukti tentang Struktur Diskret"",""unit_id"":""urn:uuid:a73c0546-e0dd-5fbf-9747-877ec4c5bc3f""},""record_type"":""search_document"",""recorded_at"":""2026-08-30T00:00:00Z"",""semantic_key"":""b10:dmoi4:search:urn:uuid:fa0b5a48-6a48-5dc9-b270-10bcb7dbf256""}"
urn:uuid:9cc842a0-f27e-5a54-97b0-9cffb0a159f1,search_document,"{""dataset_id"":""urn:uuid:6090fc4b-b34d-5cff-8f65-acaa06ddd1fc"",""id"":""urn:uuid:9cc842a0-f27e-5a54-97b0-9cffb0a159f1"",""normalized_state"":""published"",""owner_authority_id"":""urn:uuid:4dea4d1d-09ba-504e-9fcd-83524281ca97"",""owner_native_state"":""published"",""payload"":{""bounded_search_text"":""pembuktian logika dan struktur diskrit pratinjau bagian subsec logic structures intro"",""course_id"":""urn:uuid:8937ae38-2a8f-5cb6-b223-b62da2720974"",""learner_anchor"":null,""learner_url"":""https://kokunoyumeto.github.io/discrete-mathematics-open-introduction-id/"",""locale"":""id-ID"",""native_unit_id"":""urn:uuid:e2627f47-135c-5211-9a22-2bdca7715bcc"",""order_key"":""0024.000003"",""title"":""Pratinjau Bagian"",""unit_id"":""urn:uuid:b75410d4-fc89-5ace-a242-fc9d9cd8a7fc""},""record_type"":""search_document"",""recorded_at"":""2026-08-30T00:00:00Z"",""semantic_key"":""b10:dmoi4:search:urn:uuid:e2627f47-135c-5211-9a22-2bdca7715bcc""}"
urn:uuid:c805a243-abd4-5808-8806-0213543c6ac5,search_document,"{""dataset_id"":""urn:uuid:6090fc4b-b34d-5cff-8f65-acaa06ddd1fc"",""id"":""urn:uuid:c805a243-abd4-5808-8806-0213543c6ac5"",""normalized_state"":""published"",""owner_authority_id"":""urn:uuid:4dea4d1d-09ba-504e-9fcd-83524281ca97"",""owner_native_state"":""published"",""payload"":{""bounded_search_text"":""pembuktian logika dan struktur diskrit bukti tentang himpunan"",""course_id"":""urn:uuid:8937ae38-2a8f-5cb6-b223-b62da2720974"",""learner_anchor"":null,""learner_url"":""https://kokunoyumeto.github.io/discrete-mathematics-open-introduction-id/"",""locale"":""id-ID"",""native_unit_id"":""urn:uuid:a4356481-670a-5206-aba7-293c7f3044c0"",""order_key"":""0024.000017"",""title"":""Bukti tentang Himpunan"",""unit_id"":""urn:uuid:60ff9de9-dbcc-5ddf-a860-24b17006ff3e""},""record_type"":""search_document"",""recorded_at"":""2026-08-30T00:00:00Z"",""semantic_key"":""b10:dmoi4:search:urn:uuid:a4356481-670a-5206-aba7-293c7f3044c0""}"
urn:uuid:94fa6c2f-e989-5920-8cb6-eb203b56eb29,search_document,"{""dataset_id"":""urn:uuid:6090fc4b-b34d-5cff-8f65-acaa06ddd1fc"",""id"":""urn:uuid:94fa6c2f-e989-5920-8cb6-eb203b56eb29"",""normalized_state"":""published"",""owner_authority_id"":""urn:uuid:4dea4d1d-09ba-504e-9fcd-83524281ca97"",""owner_native_state"":""published"",""payload"":{""bounded_search_text"":""pembuktian logika dan struktur diskrit bukti tentang fungsi subsec logic proofs functions"",""course_id"":""urn:uuid:8937ae38-2a8f-5cb6-b223-b62da2720974"",""learner_anchor"":null,""learner_url"":""https://kokunoyumeto.github.io/discrete-mathematics-open-introduction-id/"",""locale"":""id-ID"",""native_unit_id"":""urn:uuid:d2e3679c-fc7b-554f-b04c-53341acb188c"",""order_key"":""0024.000028"",""title"":""Bukti tentang Fungsi"",""unit_id"":""urn:uuid:2efe3365-50a0-5284-840f-9b7e4584ce05""},""record_type"":""search_document"",""recorded_at"":""2026-08-30T00:00:00Z"",""semantic_key"":""b10:dmoi4:search:urn:uuid:d2e3679c-fc7b-554f-b04c-53341acb188c""}"
urn:uuid:882f358d-74f6-5457-b954-df2b4dd7fe0c,search_document,"{""dataset_id"":""urn:uuid:6090fc4b-b34d-5cff-8f65-acaa06ddd1fc"",""id"":""urn:uuid:882f358d-74f6-5457-b954-df2b4dd7fe0c"",""normalized_state"":""published"",""owner_authority_id"":""urn:uuid:4dea4d1d-09ba-504e-9fcd-83524281ca97"",""owner_native_state"":""published"",""payload"":{""bounded_search_text"":""pembuktian logika dan struktur diskrit bukti tentang relasi subsec proofs about relations"",""course_id"":""urn:uuid:8937ae38-2a8f-5cb6-b223-b62da2720974"",""learner_anchor"":null,""learner_url"":""https://kokunoyumeto.github.io/discrete-mathematics-open-introduction-id/"",""locale"":""id-ID"",""native_unit_id"":""urn:uuid:aae7e05c-4fd6-5c32-9668-98af89fa0b2c"",""order_key"":""0024.000042"",""title"":""Bukti tentang Relasi"",""unit_id"":""urn:uuid:c22f57f1-b735-5c72-a8e0-a006fe0d5b1b""},""record_type"":""search_document"",""recorded_at"":""2026-08-30T00:00:00Z"",""semantic_key"":""b10:dmoi4:search:urn:uuid:aae7e05c-4fd6-5c32-9668-98af89fa0b2c""}"
urn:uuid:88d618b3-7da7-58b7-a6a1-5208b87dce58,search_document,"{""dataset_id"":""urn:uuid:6090fc4b-b34d-5cff-8f65-acaa06ddd1fc"",""id"":""urn:uuid:88d618b3-7da7-58b7-a6a1-5208b87dce58"",""normalized_state"":""published"",""owner_authority_id"":""urn:uuid:4dea4d1d-09ba-504e-9fcd-83524281ca97"",""owner_native_state"":""published"",""payload"":{""bounded_search_text"":""pembuktian logika dan struktur diskrit bukti tentang graf subsec proofs about graphs"",""course_id"":""urn:uuid:8937ae38-2a8f-5cb6-b223-b62da2720974"",""learner_anchor"":null,""learner_url"":""https://kokunoyumeto.github.io/discrete-mathematics-open-introduction-id/"",""locale"":""id-ID"",""native_unit_id"":""urn:uuid:029cd6c2-c951-5bf6-affc-00e61ba4d416"",""order_key"":""0024.000049"",""title"":""Bukti tentang Graf"",""unit_id"":""urn:uuid:2fb2f571-f9c3-5f87-996c-077e008a4d46""},""record_type"":""search_document"",""recorded_at"":""2026-08-30T00:00:00Z"",""semantic_key"":""b10:dmoi4:search:urn:uuid:029cd6c2-c951-5bf6-affc-00e61ba4d416""}"
urn:uuid:270d37e2-c283-56e8-8046-df0c24f6b85a,search_document,"{""dataset_id"":""urn:uuid:6090fc4b-b34d-5cff-8f65-acaa06ddd1fc"",""id"":""urn:uuid:270d37e2-c283-56e8-8046-df0c24f6b85a"",""normalized_state"":""published"",""owner_authority_id"":""urn:uuid:4dea4d1d-09ba-504e-9fcd-83524281ca97"",""owner_native_state"":""published"",""payload"":{""bounded_search_text"":""pembuktian logika dan struktur diskrit ringkasan bab sec logic conc"",""course_id"":""urn:uuid:8937ae38-2a8f-5cb6-b223-b62da2720974"",""learner_anchor"":null,""learner_url"":""https://kokunoyumeto.github.io/discrete-mathematics-open-introduction-id/"",""locale"":""id-ID"",""native_unit_id"":""urn:uuid:3c330b8c-c9e3-5334-b5b9-e28040b84571"",""order_key"":""0027.000001"",""title"":""Ringkasan Bab"",""unit_id"":""urn:uuid:fe287e6d-365f-5ccb-a5cd-d2af80ac9e12""},""record_type"":""search_document"",""recorded_at"":""2026-08-30T00:00:00Z"",""semantic_key"":""b10:dmoi4:search:urn:uuid:3c330b8c-c9e3-5334-b5b9-e28040b84571""}"
urn:uuid:b433b694-264a-5d4d-86b5-79fb55a1a1a6,search_document,"{""dataset_id"":""urn:uuid:6090fc4b-b34d-5cff-8f65-acaa06ddd1fc"",""id"":""urn:uuid:b433b694-264a-5d4d-86b5-79fb55a1a1a6"",""normalized_state"":""published"",""owner_authority_id"":""urn:uuid:4dea4d1d-09ba-504e-9fcd-83524281ca97"",""owner_native_state"":""published"",""payload"":{""bounded_search_text"":""pembuktian logika dan struktur diskrit teori graf ch graphtheory"",""course_id"":""urn:uuid:8937ae38-2a8f-5cb6-b223-b62da2720974"",""learner_anchor"":null,""learner_url"":""https://kokunoyumeto.github.io/discrete-mathematics-open-introduction-id/"",""locale"":""id-ID"",""native_unit_id"":""urn:uuid:8fec6502-3006-5814-8945-4f78aa6b357e"",""order_key"":""0029.000001"",""title"":""Teori Graf"",""unit_id"":""urn:uuid:5993bcde-78e7-5b3d-afb0-a82900e6001b""},""record_type"":""search_document"",""recorded_at"":""2026-08-30T00:00:00Z"",""semantic_key"":""b10:dmoi4:search:urn:uuid:8fec6502-3006-5814-8945-4f78aa6b357e""}"
urn:uuid:4bc3623f-8d5c-5b4b-a9ab-8a7382fbb02a,search_document,"{""dataset_id"":""urn:uuid:6090fc4b-b34d-5cff-8f65-acaa06ddd1fc"",""id"":""urn:uuid:4bc3623f-8d5c-5b4b-a9ab-8a7382fbb02a"",""normalized_state"":""published"",""owner_authority_id"":""urn:uuid:4dea4d1d-09ba-504e-9fcd-83524281ca97"",""owner_native_state"":""published"",""payload"":{""bounded_search_text"":""pembuktian logika dan struktur diskrit masalah dan definisi sec gt intro"",""course_id"":""urn:uuid:8937ae38-2a8f-5cb6-b223-b62da2720974"",""learner_anchor"":null,""learner_url"":""https://kokunoyumeto.github.io/discrete-mathematics-open-introduction-id/"",""locale"":""id-ID"",""native_unit_id"":""urn:uuid:d699676f-28f3-5930-81f2-4927bae3973f"",""order_key"":""0030.000001"",""title"":""Masalah dan Definisi"",""unit_id"":""urn:uuid:a3df6f90-069b-5cb0-9507-ee3a71128db8""},""record_type"":""search_document"",""recorded_at"":""2026-08-30T00:00:00Z"",""semantic_key"":""b10:dmoi4:search:urn:uuid:d699676f-28f3-5930-81f2-4927bae3973f""}"
urn:uuid:c04bb982-7e17-52ba-ae2a-9d6a0a5c4499,search_document,"{""dataset_id"":""urn:uuid:6090fc4b-b34d-5cff-8f65-acaa06ddd1fc"",""id"":""urn:uuid:c04bb982-7e17-52ba-ae2a-9d6a0a5c4499"",""normalized_state"":""published"",""owner_authority_id"":""urn:uuid:4dea4d1d-09ba-504e-9fcd-83524281ca97"",""owner_native_state"":""published"",""payload"":{""bounded_search_text"":""pembuktian logika dan struktur diskrit pratinjau bagian subsec gt intro preview"",""course_id"":""urn:uuid:8937ae38-2a8f-5cb6-b223-b62da2720974"",""learner_anchor"":null,""learner_url"":""https://kokunoyumeto.github.io/discrete-mathematics-open-introduction-id/"",""locale"":""id-ID"",""native_unit_id"":""urn:uuid:c271e0d8-f961-5c91-9128-2eece0eaa146"",""order_key"":""0030.000003"",""title"":""Pratinjau Bagian"",""unit_id"":""urn:uuid:b95edd49-bef4-5069-9c46-884f45998bfe""},""record_type"":""search_document"",""recorded_at"":""2026-08-30T00:00:00Z"",""semantic_key"":""b10:dmoi4:search:urn:uuid:c271e0d8-f961-5c91-9128-2eece0eaa146""}"
urn:uuid:60c4a55a-4339-5681-afb9-ccd9e4435af6,search_document,"{""dataset_id"":""urn:uuid:6090fc4b-b34d-5cff-8f65-acaa06ddd1fc"",""id"":""urn:uuid:60c4a55a-4339-5681-afb9-ccd9e4435af6"",""normalized_state"":""published"",""owner_authority_id"":""urn:uuid:4dea4d1d-09ba-504e-9fcd-83524281ca97"",""owner_native_state"":""published"",""payload"":{""bounded_search_text"":""pembuktian logika dan struktur diskrit apa itu graf"",""course_id"":""urn:uuid:8937ae38-2a8f-5cb6-b223-b62da2720974"",""learner_anchor"":null,""learner_url"":""https://kokunoyumeto.github.io/discrete-mathematics-open-introduction-id/"",""locale"":""id-ID"",""native_unit_id"":""urn:uuid:bb2d29da-7d8e-52d4-bbec-b09b5d291713"",""order_key"":""0030.000029"",""title"":""Apa Itu Graf?"",""unit_id"":""urn:uuid:357cee66-25c5-524a-a299-96db22ea2fe9""},""record_type"":""search_document"",""recorded_at"":""2026-08-30T00:00:00Z"",""semantic_key"":""b10:dmoi4:search:urn:uuid:bb2d29da-7d8e-52d4-bbec-b09b5d291713""}"
urn:uuid:d164f1dd-1f29-532b-b59e-d059584d7010,search_document,"{""dataset_id"":""urn:uuid:6090fc4b-b34d-5cff-8f65-acaa06ddd1fc"",""id"":""urn:uuid:d164f1dd-1f29-532b-b59e-d059584d7010"",""normalized_state"":""published"",""owner_authority_id"":""urn:uuid:4dea4d1d-09ba-504e-9fcd-83524281ca97"",""owner_native_state"":""published"",""payload"":{""bounded_search_text"":""pembuktian logika dan struktur diskrit pohon sec trees"",""course_id"":""urn:uuid:8937ae38-2a8f-5cb6-b223-b62da2720974"",""learner_anchor"":null,""learner_url"":""https://kokunoyumeto.github.io/discrete-mathematics-open-introduction-id/"",""locale"":""id-ID"",""native_unit_id"":""urn:uuid:c9ec9851-c7c8-5b3e-9eb9-1724383e3d80"",""order_key"":""0033.000001"",""title"":""Pohon"",""unit_id"":""urn:uuid:19782d47-7d26-5573-ac01-b436d462e4a9""},""record_type"":""search_document"",""recorded_at"":""2026-08-30T00:00:00Z"",""semantic_key"":""b10:dmoi4:search:urn:uuid:c9ec9851-c7c8-5b3e-9eb9-1724383e3d80""}"
urn:uuid:7006a53e-34e5-5c25-95ef-68fa3b9e1d93,search_document,"{""dataset_id"":""urn:uuid:6090fc4b-b34d-5cff-8f65-acaa06ddd1fc"",""id"":""urn:uuid:7006a53e-34e5-5c25-95ef-68fa3b9e1d93"",""normalized_state"":""published"",""owner_authority_id"":""urn:uuid:4dea4d1d-09ba-504e-9fcd-83524281ca97"",""owner_native_state"":""published"",""payload"":{""bounded_search_text"":""pembuktian logika dan struktur diskrit pratinjau bagian"",""course_id"":""urn:uuid:8937ae38-2a8f-5cb6-b223-b62da2720974"",""learner_anchor"":null,""learner_url"":""https://kokunoyumeto.github.io/discrete-mathematics-open-introduction-id/"",""locale"":""id-ID"",""native_unit_id"":""urn:uuid:101d36b2-cada-5b15-a96e-b130ede327e8"",""order_key"":""0033.000003"",""title"":""Pratinjau Bagian"",""unit_id"":""urn:uuid:0d77d2af-a9e8-540c-beb8-da0ed24a31f8""},""record_type"":""search_document"",""recorded_at"":""2026-08-30T00:00:00Z"",""semantic_key"":""b10:dmoi4:search:urn:uuid:101d36b2-cada-5b15-a96e-b130ede327e8""}"
urn:uuid:bc40003f-f245-5e65-8974-17b8e9b3976c,search_document,"{""dataset_id"":""urn:uuid:6090fc4b-b34d-5cff-8f65-acaa06ddd1fc"",""id"":""urn:uuid:bc40003f-f245-5e65-8974-17b8e9b3976c"",""normalized_state"":""published"",""owner_authority_id"":""urn:uuid:4dea4d1d-09ba-504e-9fcd-83524281ca97"",""owner_native_state"":""published"",""payload"":{""bounded_search_text"":""pembuktian logika dan struktur diskrit sifat sifat pohon"",""course_id"":""urn:uuid:8937ae38-2a8f-5cb6-b223-b62da2720974"",""learner_anchor"":null,""learner_url"":""https://kokunoyumeto.github.io/discrete-mathematics-open-introduction-id/"",""locale"":""id-ID"",""native_unit_id"":""urn:uuid:133ebff9-3ea0-5212-9491-829cf9c983c2"",""order_key"":""0033.000017"",""title"":""Sifat-Sifat Pohon"",""unit_id"":""urn:uuid:77e2c861-8de4-59c2-83ef-4c87c41127ed""},""record_type"":""search_document"",""recorded_at"":""2026-08-30T00:00:00Z"",""semantic_key"":""b10:dmoi4:search:urn:uuid:133ebff9-3ea0-5212-9491-829cf9c983c2""}"
urn:uuid:ddccecae-a09a-5887-b04e-35bfd8ac78cf,search_document,"{""dataset_id"":""urn:uuid:6090fc4b-b34d-5cff-8f65-acaa06ddd1fc"",""id"":""urn:uuid:ddccecae-a09a-5887-b04e-35bfd8ac78cf"",""normalized_state"":""published"",""owner_authority_id"":""urn:uuid:4dea4d1d-09ba-504e-9fcd-83524281ca97"",""owner_native_state"":""published"",""payload"":{""bounded_search_text"":""pembuktian logika dan struktur diskrit pohon merentang"",""course_id"":""urn:uuid:8937ae38-2a8f-5cb6-b223-b62da2720974"",""learner_anchor"":null,""learner_url"":""https://kokunoyumeto.github.io/discrete-mathematics-open-introduction-id/"",""locale"":""id-ID"",""native_unit_id"":""urn:uuid:860447d3-33a8-5eff-bbf8-3ab290627917"",""order_key"":""0033.000028"",""title"":""Pohon Merentang"",""unit_id"":""urn:uuid:51608a44-3653-5916-aa7f-8c2319250fa1""},""record_type"":""search_document"",""recorded_at"":""2026-08-30T00:00:00Z"",""semantic_key"":""b10:dmoi4:search:urn:uuid:860447d3-33a8-5eff-bbf8-3ab290627917""}"
urn:uuid:d721345a-09e3-5105-ab2c-6b4b3c534790,search_document,"{""dataset_id"":""urn:uuid:6090fc4b-b34d-5cff-8f65-acaa06ddd1fc"",""id"":""urn:uuid:d721345a-09e3-5105-ab2c-6b4b3c534790"",""normalized_state"":""published"",""owner_authority_id"":""urn:uuid:4dea4d1d-09ba-504e-9fcd-83524281ca97"",""owner_native_state"":""published"",""payload"":{""bounded_search_text"":""pembuktian logika dan struktur diskrit pohon berakar subsec rooted trees"",""course_id"":""urn:uuid:8937ae38-2a8f-5cb6-b223-b62da2720974"",""learner_anchor"":null,""learner_url"":""https://kokunoyumeto.github.io/discrete-mathematics-open-introduction-id/"",""locale"":""id-ID"",""native_unit_id"":""urn:uuid:7b901c5a-9d96-5f82-8906-749de080f549"",""order_key"":""0033.000041"",""title"":""Pohon Berakar"",""unit_id"":""urn:uuid:72ae4829-ea86-5f04-98bf-f83bcc94e1a1""},""record_type"":""search_document"",""recorded_at"":""2026-08-30T00:00:00Z"",""semantic_key"":""b10:dmoi4:search:urn:uuid:7b901c5a-9d96-5f82-8906-749de080f549""}"
urn:uuid:b02f513c-7004-5b81-83e1-850b65c2b668,search_document,"{""dataset_id"":""urn:uuid:6090fc4b-b34d-5cff-8f65-acaa06ddd1fc"",""id"":""urn:uuid:b02f513c-7004-5b81-83e1-850b65c2b668"",""normalized_state"":""published"",""owner_authority_id"":""urn:uuid:4dea4d1d-09ba-504e-9fcd-83524281ca97"",""owner_native_state"":""published"",""payload"":{""bounded_search_text"":""pembuktian logika dan struktur diskrit graf planar sec gt planar"",""course_id"":""urn:uuid:8937ae38-2a8f-5cb6-b223-b62da2720974"",""learner_anchor"":null,""learner_url"":""https://kokunoyumeto.github.io/discrete-mathematics-open-introduction-id/"",""locale"":""id-ID"",""native_unit_id"":""urn:uuid:79eeab77-5bb4-5fa6-9caf-c557db59c6fa"",""order_key"":""0036.000001"",""title"":""Graf Planar"",""unit_id"":""urn:uuid:3a930687-9aa8-5fde-9604-65533373297e""},""record_type"":""search_document"",""recorded_at"":""2026-08-30T00:00:00Z"",""semantic_key"":""b10:dmoi4:search:urn:uuid:79eeab77-5bb4-5fa6-9caf-c557db59c6fa""}"
urn:uuid:812a34b4-5334-5a2f-acf3-464737a89306,search_document,"{""dataset_id"":""urn:uuid:6090fc4b-b34d-5cff-8f65-acaa06ddd1fc"",""id"":""urn:uuid:812a34b4-5334-5a2f-acf3-464737a89306"",""normalized_state"":""published"",""owner_authority_id"":""urn:uuid:4dea4d1d-09ba-504e-9fcd-83524281ca97"",""owner_native_state"":""published"",""payload"":{""bounded_search_text"":""pembuktian logika dan struktur diskrit pratinjau bagian"",""course_id"":""urn:uuid:8937ae38-2a8f-5cb6-b223-b62da2720974"",""learner_anchor"":null,""learner_url"":""https://kokunoyumeto.github.io/discrete-mathematics-open-introduction-id/"",""locale"":""id-ID"",""native_unit_id"":""urn:uuid:9f7bd6a7-4d09-5676-b930-9ad711f5f6b0"",""order_key"":""0036.000003"",""title"":""Pratinjau Bagian"",""unit_id"":""urn:uuid:6e475629-a6e7-5a71-a907-b8d8a87a8166""},""record_type"":""search_document"",""recorded_at"":""2026-08-30T00:00:00Z"",""semantic_key"":""b10:dmoi4:search:urn:uuid:9f7bd6a7-4d09-5676-b930-9ad711f5f6b0""}"
urn:uuid:5c56f52a-ba3a-5c8f-ba06-9153c5ce5322,search_document,"{""dataset_id"":""urn:uuid:6090fc4b-b34d-5cff-8f65-acaa06ddd1fc"",""id"":""urn:uuid:5c56f52a-ba3a-5c8f-ba06-9153c5ce5322"",""normalized_state"":""published"",""owner_authority_id"":""urn:uuid:4dea4d1d-09ba-504e-9fcd-83524281ca97"",""owner_native_state"":""published"",""payload"":{""bounded_search_text"":""pembuktian logika dan struktur diskrit rumus euler untuk graf planar"",""course_id"":""urn:uuid:8937ae38-2a8f-5cb6-b223-b62da2720974"",""learner_anchor"":null,""learner_url"":""https://kokunoyumeto.github.io/discrete-mathematics-open-introduction-id/"",""locale"":""id-ID"",""native_unit_id"":""urn:uuid:93d01b92-048f-58dc-ac0a-78f14da1dfbb"",""order_key"":""0036.000027"",""title"":""Rumus Euler untuk Graf Planar"",""unit_id"":""urn:uuid:dde75616-b238-5e25-b2fa-a2fe8d2849ca""},""record_type"":""search_document"",""recorded_at"":""2026-08-30T00:00:00Z"",""semantic_key"":""b10:dmoi4:search:urn:uuid:93d01b92-048f-58dc-ac0a-78f14da1dfbb""}"
urn:uuid:9cbd28a0-9406-5e66-a2d3-ab7aa6220b6a,search_document,"{""dataset_id"":""urn:uuid:6090fc4b-b34d-5cff-8f65-acaa06ddd1fc"",""id"":""urn:uuid:9cbd28a0-9406-5e66-a2d3-ab7aa6220b6a"",""normalized_state"":""published"",""owner_authority_id"":""urn:uuid:4dea4d1d-09ba-504e-9fcd-83524281ca97"",""owner_native_state"":""published"",""payload"":{""bounded_search_text"":""pembuktian logika dan struktur diskrit graf nonplanar"",""course_id"":""urn:uuid:8937ae38-2a8f-5cb6-b223-b62da2720974"",""learner_anchor"":null,""learner_url"":""https://kokunoyumeto.github.io/discrete-mathematics-open-introduction-id/"",""locale"":""id-ID"",""native_unit_id"":""urn:uuid:a30dc040-96fe-5967-a3ff-b693a221d5c5"",""order_key"":""0036.000030"",""title"":""Graf Nonplanar"",""unit_id"":""urn:uuid:2ebd9f38-483c-52f0-8fc3-8e5d7b3f7571""},""record_type"":""search_document"",""recorded_at"":""2026-08-30T00:00:00Z"",""semantic_key"":""b10:dmoi4:search:urn:uuid:a30dc040-96fe-5967-a3ff-b693a221d5c5""}"
urn:uuid:60d6dd8f-9630-5aa4-9f74-ce7ab4fb79c5,search_document,"{""dataset_id"":""urn:uuid:6090fc4b-b34d-5cff-8f65-acaa06ddd1fc"",""id"":""urn:uuid:60d6dd8f-9630-5aa4-9f74-ce7ab4fb79c5"",""normalized_state"":""published"",""owner_authority_id"":""urn:uuid:4dea4d1d-09ba-504e-9fcd-83524281ca97"",""owner_native_state"":""published"",""payload"":{""bounded_search_text"":""pembuktian logika dan struktur diskrit polihedron"",""course_id"":""urn:uuid:8937ae38-2a8f-5cb6-b223-b62da2720974"",""learner_anchor"":null,""learner_url"":""https://kokunoyumeto.github.io/discrete-mathematics-open-introduction-id/"",""locale"":""id-ID"",""native_unit_id"":""urn:uuid:cd24cab2-000e-53c3-b3f9-b0a983b274a3"",""order_key"":""0036.000044"",""title"":""Polihedron"",""unit_id"":""urn:uuid:f059f2be-85cf-5574-b208-29d26d91c977""},""record_type"":""search_document"",""recorded_at"":""2026-08-30T00:00:00Z"",""semantic_key"":""b10:dmoi4:search:urn:uuid:cd24cab2-000e-53c3-b3f9-b0a983b274a3""}"
urn:uuid:fb4f05b8-65f1-5436-96b9-63adc5d9ad0f,search_document,"{""dataset_id"":""urn:uuid:6090fc4b-b34d-5cff-8f65-acaa06ddd1fc"",""id"":""urn:uuid:fb4f05b8-65f1-5436-96b9-63adc5d9ad0f"",""normalized_state"":""published"",""owner_authority_id"":""urn:uuid:4dea4d1d-09ba-504e-9fcd-83524281ca97"",""owner_native_state"":""published"",""payload"":{""bounded_search_text"":""pembuktian logika dan struktur diskrit jejak dan sirkuit euler sec gt paths"",""course_id"":""urn:uuid:8937ae38-2a8f-5cb6-b223-b62da2720974"",""learner_anchor"":null,""learner_url"":""https://kokunoyumeto.github.io/discrete-mathematics-open-introduction-id/"",""locale"":""id-ID"",""native_unit_id"":""urn:uuid:a49c23f7-29bc-51b5-8b2b-fef409c1ddd5"",""order_key"":""0039.000001"",""title"":""Jejak dan Sirkuit Euler"",""unit_id"":""urn:uuid:a6d7e3f7-9ae2-58ae-b0da-4ee5923eee96""},""record_type"":""search_document"",""recorded_at"":""2026-08-30T00:00:00Z"",""semantic_key"":""b10:dmoi4:search:urn:uuid:a49c23f7-29bc-51b5-8b2b-fef409c1ddd5""}"
urn:uuid:9856f36a-29e0-51cd-9455-3ef6b7e6c3df,search_document,"{""dataset_id"":""urn:uuid:6090fc4b-b34d-5cff-8f65-acaa06ddd1fc"",""id"":""urn:uuid:9856f36a-29e0-51cd-9455-3ef6b7e6c3df"",""normalized_state"":""published"",""owner_authority_id"":""urn:uuid:4dea4d1d-09ba-504e-9fcd-83524281ca97"",""owner_native_state"":""published"",""payload"":{""bounded_search_text"":""pembuktian logika dan struktur diskrit pratinjau bagian"",""course_id"":""urn:uuid:8937ae38-2a8f-5cb6-b223-b62da2720974"",""learner_anchor"":null,""learner_url"":""https://kokunoyumeto.github.io/discrete-mathematics-open-introduction-id/"",""locale"":""id-ID"",""native_unit_id"":""urn:uuid:f3da3bdf-a765-537d-8ce6-6a3a160531d9"",""order_key"":""0039.000014"",""title"":""Pratinjau Bagian"",""unit_id"":""urn:uuid:5dd39094-9938-50a2-8dca-2610c6b42ea7""},""record_type"":""search_document"",""recorded_at"":""2026-08-30T00:00:00Z"",""semantic_key"":""b10:dmoi4:search:urn:uuid:f3da3bdf-a765-537d-8ce6-6a3a160531d9""}"
urn:uuid:26705e91-bc46-5179-aa0c-92fbb25c4224,search_document,"{""dataset_id"":""urn:uuid:6090fc4b-b34d-5cff-8f65-acaa06ddd1fc"",""id"":""urn:uuid:26705e91-bc46-5179-aa0c-92fbb25c4224"",""normalized_state"":""published"",""owner_authority_id"":""urn:uuid:4dea4d1d-09ba-504e-9fcd-83524281ca97"",""owner_native_state"":""published"",""payload"":{""bounded_search_text"":""pembuktian logika dan struktur diskrit syarat untuk jejak euler"",""course_id"":""urn:uuid:8937ae38-2a8f-5cb6-b223-b62da2720974"",""learner_anchor"":null,""learner_url"":""https://kokunoyumeto.github.io/discrete-mathematics-open-introduction-id/"",""locale"":""id-ID"",""native_unit_id"":""urn:uuid:3fe3e64e-5c76-59ed-8042-b77fc5581dee"",""order_key"":""0039.000033"",""title"":""Syarat untuk Jejak Euler"",""unit_id"":""urn:uuid:b6ac4c86-5f09-55d3-8c16-2f31f046c03f""},""record_type"":""search_document"",""recorded_at"":""2026-08-30T00:00:00Z"",""semantic_key"":""b10:dmoi4:search:urn:uuid:3fe3e64e-5c76-59ed-8042-b77fc5581dee""}"
urn:uuid:3d3e31fe-1fad-5e33-9a06-61a24851e11a,search_document,"{""dataset_id"":""urn:uuid:6090fc4b-b34d-5cff-8f65-acaa06ddd1fc"",""id"":""urn:uuid:3d3e31fe-1fad-5e33-9a06-61a24851e11a"",""normalized_state"":""published"",""owner_authority_id"":""urn:uuid:4dea4d1d-09ba-504e-9fcd-83524281ca97"",""owner_native_state"":""published"",""payload"":{""bounded_search_text"":""pembuktian logika dan struktur diskrit lintasan hamilton gt ham paths"",""course_id"":""urn:uuid:8937ae38-2a8f-5cb6-b223-b62da2720974"",""learner_anchor"":null,""learner_url"":""https://kokunoyumeto.github.io/discrete-mathematics-open-introduction-id/"",""locale"":""id-ID"",""native_unit_id"":""urn:uuid:1b3ccc28-1e8d-5d78-b935-ab04d49ae87c"",""order_key"":""0039.000039"",""title"":""Lintasan Hamilton"",""unit_id"":""urn:uuid:84ed3f80-8a68-5b47-b1f0-683b686ab817""},""record_type"":""search_document"",""recorded_at"":""2026-08-30T00:00:00Z"",""semantic_key"":""b10:dmoi4:search:urn:uuid:1b3ccc28-1e8d-5d78-b935-ab04d49ae87c""}"
urn:uuid:af3ef6d3-1c16-505b-bb6e-1c84da62f4e2,search_document,"{""dataset_id"":""urn:uuid:6090fc4b-b34d-5cff-8f65-acaa06ddd1fc"",""id"":""urn:uuid:af3ef6d3-1c16-505b-bb6e-1c84da62f4e2"",""normalized_state"":""published"",""owner_authority_id"":""urn:uuid:4dea4d1d-09ba-504e-9fcd-83524281ca97"",""owner_native_state"":""published"",""payload"":{""bounded_search_text"":""pembuktian logika dan struktur diskrit pewarnaan sec coloring"",""course_id"":""urn:uuid:8937ae38-2a8f-5cb6-b223-b62da2720974"",""learner_anchor"":null,""learner_url"":""https://kokunoyumeto.github.io/discrete-mathematics-open-introduction-id/"",""locale"":""id-ID"",""native_unit_id"":""urn:uuid:401baf3c-8042-583e-ab34-2f3d0d2c59f5"",""order_key"":""0042.000001"",""title"":""Pewarnaan"",""unit_id"":""urn:uuid:6166af73-35e4-5b64-b5ae-2430f5f82273""},""record_type"":""search_document"",""recorded_at"":""2026-08-30T00:00:00Z"",""semantic_key"":""b10:dmoi4:search:urn:uuid:401baf3c-8042-583e-ab34-2f3d0d2c59f5""}"
urn:uuid:6a7db4cc-9f22-51ca-9a35-167f0709339a,search_document,"{""dataset_id"":""urn:uuid:6090fc4b-b34d-5cff-8f65-acaa06ddd1fc"",""id"":""urn:uuid:6a7db4cc-9f22-51ca-9a35-167f0709339a"",""normalized_state"":""published"",""owner_authority_id"":""urn:uuid:4dea4d1d-09ba-504e-9fcd-83524281ca97"",""owner_native_state"":""published"",""payload"":{""bounded_search_text"":""pembuktian logika dan struktur diskrit pratinjau bagian"",""course_id"":""urn:uuid:8937ae38-2a8f-5cb6-b223-b62da2720974"",""learner_anchor"":null,""learner_url"":""https://kokunoyumeto.github.io/discrete-mathematics-open-introduction-id/"",""locale"":""id-ID"",""native_unit_id"":""urn:uuid:5fc7c6ba-2ec9-5219-91ba-7c765d9db3c0"",""order_key"":""0042.000003"",""title"":""Pratinjau Bagian"",""unit_id"":""urn:uuid:98127f4f-f4cb-5af1-8e9a-a70675990779""},""record_type"":""search_document"",""recorded_at"":""2026-08-30T00:00:00Z"",""semantic_key"":""b10:dmoi4:search:urn:uuid:5fc7c6ba-2ec9-5219-91ba-7c765d9db3c0""}"
urn:uuid:8d809da2-6264-52ef-aa20-e24785939ed8,search_document,"{""dataset_id"":""urn:uuid:6090fc4b-b34d-5cff-8f65-acaa06ddd1fc"",""id"":""urn:uuid:8d809da2-6264-52ef-aa20-e24785939ed8"",""normalized_state"":""published"",""owner_authority_id"":""urn:uuid:4dea4d1d-09ba-504e-9fcd-83524281ca97"",""owner_native_state"":""published"",""payload"":{""bounded_search_text"":""pembuktian logika dan struktur diskrit pewarnaan simpul"",""course_id"":""urn:uuid:8937ae38-2a8f-5cb6-b223-b62da2720974"",""learner_anchor"":null,""learner_url"":""https://kokunoyumeto.github.io/discrete-mathematics-open-introduction-id/"",""locale"":""id-ID"",""native_unit_id"":""urn:uuid:78b9926a-8883-5412-b8aa-b1c4a1d85476"",""order_key"":""0042.000010"",""title"":""Pewarnaan Simpul"",""unit_id"":""urn:uuid:d5604972-61fa-596f-9cab-67c703578bd4""},""record_type"":""search_document"",""recorded_at"":""2026-08-30T00:00:00Z"",""semantic_key"":""b10:dmoi4:search:urn:uuid:78b9926a-8883-5412-b8aa-b1c4a1d85476""}"
urn:uuid:112ac796-5615-502b-a11e-c2268f3f11cb,search_document,"{""dataset_id"":""urn:uuid:6090fc4b-b34d-5cff-8f65-acaa06ddd1fc"",""id"":""urn:uuid:112ac796-5615-502b-a11e-c2268f3f11cb"",""normalized_state"":""published"",""owner_authority_id"":""urn:uuid:4dea4d1d-09ba-504e-9fcd-83524281ca97"",""owner_native_state"":""published"",""payload"":{""bounded_search_text"":""pembuktian logika dan struktur diskrit pewarnaan sisi"",""course_id"":""urn:uuid:8937ae38-2a8f-5cb6-b223-b62da2720974"",""learner_anchor"":null,""learner_url"":""https://kokunoyumeto.github.io/discrete-mathematics-open-introduction-id/"",""locale"":""id-ID"",""native_unit_id"":""urn:uuid:cc9fb72a-c545-5fa9-8061-4c0a6b1f496d"",""order_key"":""0042.000032"",""title"":""Pewarnaan Sisi"",""unit_id"":""urn:uuid:49c5a6e5-b8b6-5a24-9a03-5f31bf4f41d8""},""record_type"":""search_document"",""recorded_at"":""2026-08-30T00:00:00Z"",""semantic_key"":""b10:dmoi4:search:urn:uuid:cc9fb72a-c545-5fa9-8061-4c0a6b1f496d""}"
urn:uuid:92416283-57c2-5ac9-b738-0ef25b479efe,search_document,"{""dataset_id"":""urn:uuid:6090fc4b-b34d-5cff-8f65-acaa06ddd1fc"",""id"":""urn:uuid:92416283-57c2-5ac9-b738-0ef25b479efe"",""normalized_state"":""published"",""owner_authority_id"":""urn:uuid:4dea4d1d-09ba-504e-9fcd-83524281ca97"",""owner_native_state"":""published"",""payload"":{""bounded_search_text"":""pembuktian logika dan struktur diskrit relasi dan graf sec gt relations"",""course_id"":""urn:uuid:8937ae38-2a8f-5cb6-b223-b62da2720974"",""learner_anchor"":null,""learner_url"":""https://kokunoyumeto.github.io/discrete-mathematics-open-introduction-id/"",""locale"":""id-ID"",""native_unit_id"":""urn:uuid:6dce5df1-0284-5bd3-9f84-ff7c1d3bd160"",""order_key"":""0046.000001"",""title"":""Relasi dan Graf"",""unit_id"":""urn:uuid:db2274e9-5e6e-5f0e-a31e-dc3ee3cb1781""},""record_type"":""search_document"",""recorded_at"":""2026-08-30T00:00:00Z"",""semantic_key"":""b10:dmoi4:search:urn:uuid:6dce5df1-0284-5bd3-9f84-ff7c1d3bd160""}"
urn:uuid:c36d5648-0dcb-5b5a-8e83-47bb650e7e10,search_document,"{""dataset_id"":""urn:uuid:6090fc4b-b34d-5cff-8f65-acaa06ddd1fc"",""id"":""urn:uuid:c36d5648-0dcb-5b5a-8e83-47bb650e7e10"",""normalized_state"":""published"",""owner_authority_id"":""urn:uuid:4dea4d1d-09ba-504e-9fcd-83524281ca97"",""owner_native_state"":""published"",""payload"":{""bounded_search_text"":""pembuktian logika dan struktur diskrit pratinjau bagian gt relations section previw"",""course_id"":""urn:uuid:8937ae38-2a8f-5cb6-b223-b62da2720974"",""learner_anchor"":null,""learner_url"":""https://kokunoyumeto.github.io/discrete-mathematics-open-introduction-id/"",""locale"":""id-ID"",""native_unit_id"":""urn:uuid:8c18cd9d-a5a6-5772-8315-776ec2ed52a9"",""order_key"":""0046.000003"",""title"":""Pratinjau Bagian"",""unit_id"":""urn:uuid:24352e6b-98b1-52d4-b244-45f32eb56d39""},""record_type"":""search_document"",""recorded_at"":""2026-08-30T00:00:00Z"",""semantic_key"":""b10:dmoi4:search:urn:uuid:8c18cd9d-a5a6-5772-8315-776ec2ed52a9""}"
urn:uuid:881ce512-8df1-562a-a6c2-58af5a8aaad9,search_document,"{""dataset_id"":""urn:uuid:6090fc4b-b34d-5cff-8f65-acaa06ddd1fc"",""id"":""urn:uuid:881ce512-8df1-562a-a6c2-58af5a8aaad9"",""normalized_state"":""published"",""owner_authority_id"":""urn:uuid:4dea4d1d-09ba-504e-9fcd-83524281ca97"",""owner_native_state"":""published"",""payload"":{""bounded_search_text"":""pembuktian logika dan struktur diskrit relasi secara umum subsec relations generally"",""course_id"":""urn:uuid:8937ae38-2a8f-5cb6-b223-b62da2720974"",""learner_anchor"":null,""learner_url"":""https://kokunoyumeto.github.io/discrete-mathematics-open-introduction-id/"",""locale"":""id-ID"",""native_unit_id"":""urn:uuid:466c2d34-ecc3-5c6e-88e9-302ebb85caf5"",""order_key"":""0046.000017"",""title"":""Relasi secara Umum"",""unit_id"":""urn:uuid:fd2f272f-0cf2-54ea-b704-434a3efa8295""},""record_type"":""search_document"",""recorded_at"":""2026-08-30T00:00:00Z"",""semantic_key"":""b10:dmoi4:search:urn:uuid:466c2d34-ecc3-5c6e-88e9-302ebb85caf5""}"
urn:uuid:0110e38e-f5cf-5c9a-b8f1-a40b5e827f28,search_document,"{""dataset_id"":""urn:uuid:6090fc4b-b34d-5cff-8f65-acaa06ddd1fc"",""id"":""urn:uuid:0110e38e-f5cf-5c9a-b8f1-a40b5e827f28"",""normalized_state"":""published"",""owner_authority_id"":""urn:uuid:4dea4d1d-09ba-504e-9fcd-83524281ca97"",""owner_native_state"":""published"",""payload"":{""bounded_search_text"":""pembuktian logika dan struktur diskrit sifat sifat relasi subsec properties of relations"",""course_id"":""urn:uuid:8937ae38-2a8f-5cb6-b223-b62da2720974"",""learner_anchor"":null,""learner_url"":""https://kokunoyumeto.github.io/discrete-mathematics-open-introduction-id/"",""locale"":""id-ID"",""native_unit_id"":""urn:uuid:f50eed74-ff89-506b-b0ca-87874c3d8511"",""order_key"":""0046.000030"",""title"":""Sifat-Sifat Relasi"",""unit_id"":""urn:uuid:3ec1885a-2ac5-567a-b9f3-e5627c1f665a""},""record_type"":""search_document"",""recorded_at"":""2026-08-30T00:00:00Z"",""semantic_key"":""b10:dmoi4:search:urn:uuid:f50eed74-ff89-506b-b0ca-87874c3d8511""}"
urn:uuid:f638d1a6-4ae3-57d0-8a56-d9df569bca67,search_document,"{""dataset_id"":""urn:uuid:6090fc4b-b34d-5cff-8f65-acaa06ddd1fc"",""id"":""urn:uuid:f638d1a6-4ae3-57d0-8a56-d9df569bca67"",""normalized_state"":""published"",""owner_authority_id"":""urn:uuid:4dea4d1d-09ba-504e-9fcd-83524281ca97"",""owner_native_state"":""published"",""payload"":{""bounded_search_text"":""pembuktian logika dan struktur diskrit relasi ekuivalensi subsec equivalence relations"",""course_id"":""urn:uuid:8937ae38-2a8f-5cb6-b223-b62da2720974"",""learner_anchor"":null,""learner_url"":""https://kokunoyumeto.github.io/discrete-mathematics-open-introduction-id/"",""locale"":""id-ID"",""native_unit_id"":""urn:uuid:fe8fd25e-cfb7-5cf6-aff8-40a84aa8ee21"",""order_key"":""0046.000035"",""title"":""Relasi Ekuivalensi"",""unit_id"":""urn:uuid:a3807c03-68f4-586c-a5d0-2d46f559e865""},""record_type"":""search_document"",""recorded_at"":""2026-08-30T00:00:00Z"",""semantic_key"":""b10:dmoi4:search:urn:uuid:fe8fd25e-cfb7-5cf6-aff8-40a84aa8ee21""}"
urn:uuid:02a30660-6137-5194-b5dd-c5afee50595e,search_document,"{""dataset_id"":""urn:uuid:6090fc4b-b34d-5cff-8f65-acaa06ddd1fc"",""id"":""urn:uuid:02a30660-6137-5194-b5dd-c5afee50595e"",""normalized_state"":""published"",""owner_authority_id"":""urn:uuid:4dea4d1d-09ba-504e-9fcd-83524281ca97"",""owner_native_state"":""published"",""payload"":{""bounded_search_text"":""pembuktian logika dan struktur diskrit kelas ekuivalensi dan partisi subsec equivalence classes and partitions"",""course_id"":""urn:uuid:8937ae38-2a8f-5cb6-b223-b62da2720974"",""learner_anchor"":null,""learner_url"":""https://kokunoyumeto.github.io/discrete-mathematics-open-introduction-id/"",""locale"":""id-ID"",""native_unit_id"":""urn:uuid:b0680aba-e863-5693-acb7-2cefd7835884"",""order_key"":""0046.000042"",""title"":""Kelas Ekuivalensi dan Partisi"",""unit_id"":""urn:uuid:e004deeb-7315-52c4-8a44-39f3326af20f""},""record_type"":""search_document"",""recorded_at"":""2026-08-30T00:00:00Z"",""semantic_key"":""b10:dmoi4:search:urn:uuid:b0680aba-e863-5693-acb7-2cefd7835884""}"
urn:uuid:0a616e61-6b2f-5eba-b67e-398067b84615,search_document,"{""dataset_id"":""urn:uuid:6090fc4b-b34d-5cff-8f65-acaa06ddd1fc"",""id"":""urn:uuid:0a616e61-6b2f-5eba-b67e-398067b84615"",""normalized_state"":""published"",""owner_authority_id"":""urn:uuid:4dea4d1d-09ba-504e-9fcd-83524281ca97"",""owner_native_state"":""published"",""payload"":{""bounded_search_text"":""pembuktian logika dan struktur diskrit pencocokan pada graf bipartit sec matchings"",""course_id"":""urn:uuid:8937ae38-2a8f-5cb6-b223-b62da2720974"",""learner_anchor"":null,""learner_url"":""https://kokunoyumeto.github.io/discrete-mathematics-open-introduction-id/"",""locale"":""id-ID"",""native_unit_id"":""urn:uuid:64c3ba36-b981-5117-9903-c5e6063f6270"",""order_key"":""0053.000001"",""title"":""Pencocokan pada Graf Bipartit"",""unit_id"":""urn:uuid:0a70f94f-f805-5ab3-bea1-22c7dde24c85""},""record_type"":""search_document"",""recorded_at"":""2026-08-30T00:00:00Z"",""semantic_key"":""b10:dmoi4:search:urn:uuid:64c3ba36-b981-5117-9903-c5e6063f6270""}"
urn:uuid:8191f131-5b78-53ec-807d-3503d4ac62db,search_document,"{""dataset_id"":""urn:uuid:6090fc4b-b34d-5cff-8f65-acaa06ddd1fc"",""id"":""urn:uuid:8191f131-5b78-53ec-807d-3503d4ac62db"",""normalized_state"":""published"",""owner_authority_id"":""urn:uuid:4dea4d1d-09ba-504e-9fcd-83524281ca97"",""owner_native_state"":""published"",""payload"":{""bounded_search_text"":""pembuktian logika dan struktur diskrit ringkasan bab sec gt conc"",""course_id"":""urn:uuid:8937ae38-2a8f-5cb6-b223-b62da2720974"",""learner_anchor"":null,""learner_url"":""https://kokunoyumeto.github.io/discrete-mathematics-open-introduction-id/"",""locale"":""id-ID"",""native_unit_id"":""urn:uuid:f4ae49da-6e22-5379-9745-23abe9ccc5e6"",""order_key"":""0055.000001"",""title"":""Ringkasan Bab"",""unit_id"":""urn:uuid:e503b5d1-3d5d-5334-8ddc-d66c56d89333""},""record_type"":""search_document"",""recorded_at"":""2026-08-30T00:00:00Z"",""semantic_key"":""b10:dmoi4:search:urn:uuid:f4ae49da-6e22-5379-9745-23abe9ccc5e6""}"
urn:uuid:61e22436-02a5-56f9-99be-09658a944bc5,search_document,"{""dataset_id"":""urn:uuid:6090fc4b-b34d-5cff-8f65-acaa06ddd1fc"",""id"":""urn:uuid:61e22436-02a5-56f9-99be-09658a944bc5"",""normalized_state"":""published"",""owner_authority_id"":""urn:uuid:4dea4d1d-09ba-504e-9fcd-83524281ca97"",""owner_native_state"":""published"",""payload"":{""bounded_search_text"":""pembuktian logika dan struktur diskrit pencacahan ch counting"",""course_id"":""urn:uuid:8937ae38-2a8f-5cb6-b223-b62da2720974"",""learner_anchor"":null,""learner_url"":""https://kokunoyumeto.github.io/discrete-mathematics-open-introduction-id/"",""locale"":""id-ID"",""native_unit_id"":""urn:uuid:64c227a4-1910-5e86-83b7-f0d47ca13f5f"",""order_key"":""0057.000001"",""title"":""Pencacahan"",""unit_id"":""urn:uuid:3719f407-3958-5213-8408-baade6dd0bdd""},""record_type"":""search_document"",""recorded_at"":""2026-08-30T00:00:00Z"",""semantic_key"":""b10:dmoi4:search:urn:uuid:64c227a4-1910-5e86-83b7-f0d47ca13f5f""}"
urn:uuid:56430c9f-786f-5523-bce6-dbfda91b0dce,search_document,"{""dataset_id"":""urn:uuid:6090fc4b-b34d-5cff-8f65-acaa06ddd1fc"",""id"":""urn:uuid:56430c9f-786f-5523-bce6-dbfda91b0dce"",""normalized_state"":""published"",""owner_authority_id"":""urn:uuid:4dea4d1d-09ba-504e-9fcd-83524281ca97"",""owner_native_state"":""published"",""payload"":{""bounded_search_text"":""pembuktian logika dan struktur diskrit segitiga aritmetika pascal sec counting pascal"",""course_id"":""urn:uuid:8937ae38-2a8f-5cb6-b223-b62da2720974"",""learner_anchor"":null,""learner_url"":""https://kokunoyumeto.github.io/discrete-mathematics-open-introduction-id/"",""locale"":""id-ID"",""native_unit_id"":""urn:uuid:492faccc-1a07-59a0-9cca-8c08a93d1130"",""order_key"":""0058.000001"",""title"":""Segitiga Aritmetika Pascal"",""unit_id"":""urn:uuid:89df1db7-700f-5a34-98af-1c674273518d""},""record_type"":""search_document"",""recorded_at"":""2026-08-30T00:00:00Z"",""semantic_key"":""b10:dmoi4:search:urn:uuid:492faccc-1a07-59a0-9cca-8c08a93d1130""}"
urn:uuid:de400900-0c75-5ac5-8df4-5e5dd888245b,search_document,"{""dataset_id"":""urn:uuid:6090fc4b-b34d-5cff-8f65-acaa06ddd1fc"",""id"":""urn:uuid:de400900-0c75-5ac5-8df4-5e5dd888245b"",""normalized_state"":""published"",""owner_authority_id"":""urn:uuid:4dea4d1d-09ba-504e-9fcd-83524281ca97"",""owner_native_state"":""published"",""payload"":{""bounded_search_text"":""pembuktian logika dan struktur diskrit pratinjau bagian"",""course_id"":""urn:uuid:8937ae38-2a8f-5cb6-b223-b62da2720974"",""learner_anchor"":null,""learner_url"":""https://kokunoyumeto.github.io/discrete-mathematics-open-introduction-id/"",""locale"":""id-ID"",""native_unit_id"":""urn:uuid:e8018399-ba3c-526d-8bd8-32d37971508a"",""order_key"":""0058.000003"",""title"":""Pratinjau Bagian"",""unit_id"":""urn:uuid:c5376aae-5491-534f-8c45-d44686fc5830""},""record_type"":""search_document"",""recorded_at"":""2026-08-30T00:00:00Z"",""semantic_key"":""b10:dmoi4:search:urn:uuid:e8018399-ba3c-526d-8bd8-32d37971508a""}"
urn:uuid:66cafd8a-9390-58f8-90f4-38ce68241e3a,search_document,"{""dataset_id"":""urn:uuid:6090fc4b-b34d-5cff-8f65-acaa06ddd1fc"",""id"":""urn:uuid:66cafd8a-9390-58f8-90f4-38ce68241e3a"",""normalized_state"":""published"",""owner_authority_id"":""urn:uuid:4dea4d1d-09ba-504e-9fcd-83524281ca97"",""owner_native_state"":""published"",""payload"":{""bounded_search_text"":""pembuktian logika dan struktur diskrit lintasan kisi"",""course_id"":""urn:uuid:8937ae38-2a8f-5cb6-b223-b62da2720974"",""learner_anchor"":null,""learner_url"":""https://kokunoyumeto.github.io/discrete-mathematics-open-introduction-id/"",""locale"":""id-ID"",""native_unit_id"":""urn:uuid:a77315a3-2ea0-5af2-8f93-19bb9da35ca7"",""order_key"":""0058.000018"",""title"":""Lintasan Kisi"",""unit_id"":""urn:uuid:8ea55d26-d560-52fc-afca-cf60be0a991e""},""record_type"":""search_document"",""recorded_at"":""2026-08-30T00:00:00Z"",""semantic_key"":""b10:dmoi4:search:urn:uuid:a77315a3-2ea0-5af2-8f93-19bb9da35ca7""}"
urn:uuid:f8710c1e-ba92-5e57-980d-508d9a817039,search_document,"{""dataset_id"":""urn:uuid:6090fc4b-b34d-5cff-8f65-acaa06ddd1fc"",""id"":""urn:uuid:f8710c1e-ba92-5e57-980d-508d9a817039"",""normalized_state"":""published"",""owner_authority_id"":""urn:uuid:4dea4d1d-09ba-504e-9fcd-83524281ca97"",""owner_native_state"":""published"",""payload"":{""bounded_search_text"":""pembuktian logika dan struktur diskrit string bit subsec counting binom bitstrings"",""course_id"":""urn:uuid:8937ae38-2a8f-5cb6-b223-b62da2720974"",""learner_anchor"":null,""learner_url"":""https://kokunoyumeto.github.io/discrete-mathematics-open-introduction-id/"",""locale"":""id-ID"",""native_unit_id"":""urn:uuid:158886ea-b223-5dfc-a0f8-e9c9b3173282"",""order_key"":""0058.000025"",""title"":""String Bit"",""unit_id"":""urn:uuid:6672fb83-5c6e-5f07-95df-8a815f8f3c2a""},""record_type"":""search_document"",""recorded_at"":""2026-08-30T00:00:00Z"",""semantic_key"":""b10:dmoi4:search:urn:uuid:158886ea-b223-5dfc-a0f8-e9c9b3173282""}"
urn:uuid:0db74df5-0b0a-5e33-8779-84944b71b18c,search_document,"{""dataset_id"":""urn:uuid:6090fc4b-b34d-5cff-8f65-acaa06ddd1fc"",""id"":""urn:uuid:0db74df5-0b0a-5e33-8779-84944b71b18c"",""normalized_state"":""published"",""owner_authority_id"":""urn:uuid:4dea4d1d-09ba-504e-9fcd-83524281ca97"",""owner_native_state"":""published"",""payload"":{""bounded_search_text"":""pembuktian logika dan struktur diskrit subhimpunan dan piza"",""course_id"":""urn:uuid:8937ae38-2a8f-5cb6-b223-b62da2720974"",""learner_anchor"":null,""learner_url"":""https://kokunoyumeto.github.io/discrete-mathematics-open-introduction-id/"",""locale"":""id-ID"",""native_unit_id"":""urn:uuid:5a6a77d8-8d40-5fb8-adc3-a0673710266d"",""order_key"":""0058.000045"",""title"":""Subhimpunan dan Piza"",""unit_id"":""urn:uuid:2f602456-87cf-597b-b375-3323b8c77b70""},""record_type"":""search_document"",""recorded_at"":""2026-08-30T00:00:00Z"",""semantic_key"":""b10:dmoi4:search:urn:uuid:5a6a77d8-8d40-5fb8-adc3-a0673710266d""}"
urn:uuid:66184320-de4f-5f8c-9152-43ef851fb13f,search_document,"{""dataset_id"":""urn:uuid:6090fc4b-b34d-5cff-8f65-acaa06ddd1fc"",""id"":""urn:uuid:66184320-de4f-5f8c-9152-43ef851fb13f"",""normalized_state"":""published"",""owner_authority_id"":""urn:uuid:4dea4d1d-09ba-504e-9fcd-83524281ca97"",""owner_native_state"":""published"",""payload"":{""bounded_search_text"":""pembuktian logika dan struktur diskrit aljabar"",""course_id"":""urn:uuid:8937ae38-2a8f-5cb6-b223-b62da2720974"",""learner_anchor"":null,""learner_url"":""https://kokunoyumeto.github.io/discrete-mathematics-open-introduction-id/"",""locale"":""id-ID"",""native_unit_id"":""urn:uuid:4468fb3d-c6dd-5bd0-a78d-c3983e0b383b"",""order_key"":""0058.000054"",""title"":""Aljabar?"",""unit_id"":""urn:uuid:0bb76aed-38c4-5161-989e-e1e81a056647""},""record_type"":""search_document"",""recorded_at"":""2026-08-30T00:00:00Z"",""semantic_key"":""b10:dmoi4:search:urn:uuid:4468fb3d-c6dd-5bd0-a78d-c3983e0b383b""}"
urn:uuid:20f28a58-b3dd-57a3-93c7-5cbcc00a2357,search_document,"{""dataset_id"":""urn:uuid:6090fc4b-b34d-5cff-8f65-acaa06ddd1fc"",""id"":""urn:uuid:20f28a58-b3dd-57a3-93c7-5cbcc00a2357"",""normalized_state"":""published"",""owner_authority_id"":""urn:uuid:4dea4d1d-09ba-504e-9fcd-83524281ca97"",""owner_native_state"":""published"",""payload"":{""bounded_search_text"":""pembuktian logika dan struktur diskrit menggabungkan hasil sec counting combine outcomes"",""course_id"":""urn:uuid:8937ae38-2a8f-5cb6-b223-b62da2720974"",""learner_anchor"":null,""learner_url"":""https://kokunoyumeto.github.io/discrete-mathematics-open-introduction-id/"",""locale"":""id-ID"",""native_unit_id"":""urn:uuid:6027100c-f10c-5ac9-906e-e3bdcb6de257"",""order_key"":""0061.000001"",""title"":""Menggabungkan Hasil"",""unit_id"":""urn:uuid:1bcf267e-6f4d-5bb8-b137-61b6bfb87a16""},""record_type"":""search_document"",""recorded_at"":""2026-08-30T00:00:00Z"",""semantic_key"":""b10:dmoi4:search:urn:uuid:6027100c-f10c-5ac9-906e-e3bdcb6de257""}"
urn:uuid:12f113f6-5af6-5f7b-9a38-8c7381664ec2,search_document,"{""dataset_id"":""urn:uuid:6090fc4b-b34d-5cff-8f65-acaa06ddd1fc"",""id"":""urn:uuid:12f113f6-5af6-5f7b-9a38-8c7381664ec2"",""normalized_state"":""published"",""owner_authority_id"":""urn:uuid:4dea4d1d-09ba-504e-9fcd-83524281ca97"",""owner_native_state"":""published"",""payload"":{""bounded_search_text"":""pembuktian logika dan struktur diskrit pratinjau bagian"",""course_id"":""urn:uuid:8937ae38-2a8f-5cb6-b223-b62da2720974"",""learner_anchor"":null,""learner_url"":""https://kokunoyumeto.github.io/discrete-mathematics-open-introduction-id/"",""locale"":""id-ID"",""native_unit_id"":""urn:uuid:48ca9331-78e7-58b7-807f-92a5fa0d9a58"",""order_key"":""0061.000007"",""title"":""Pratinjau Bagian"",""unit_id"":""urn:uuid:4b31ff65-b43f-568d-8b6d-e9eec5fd7d3f""},""record_type"":""search_document"",""recorded_at"":""2026-08-30T00:00:00Z"",""semantic_key"":""b10:dmoi4:search:urn:uuid:48ca9331-78e7-58b7-807f-92a5fa0d9a58""}"
urn:uuid:50e54639-ac8f-555f-b7f4-288626dbb6d7,search_document,"{""dataset_id"":""urn:uuid:6090fc4b-b34d-5cff-8f65-acaa06ddd1fc"",""id"":""urn:uuid:50e54639-ac8f-555f-b7f4-288626dbb6d7"",""normalized_state"":""published"",""owner_authority_id"":""urn:uuid:4dea4d1d-09ba-504e-9fcd-83524281ca97"",""owner_native_state"":""published"",""payload"":{""bounded_search_text"":""pembuktian logika dan struktur diskrit apa yang dimaksud dengan hasil"",""course_id"":""urn:uuid:8937ae38-2a8f-5cb6-b223-b62da2720974"",""learner_anchor"":null,""learner_url"":""https://kokunoyumeto.github.io/discrete-mathematics-open-introduction-id/"",""locale"":""id-ID"",""native_unit_id"":""urn:uuid:3baa871b-1567-542a-a737-6c7929d86e50"",""order_key"":""0061.000019"",""title"":""Apa yang Dimaksud dengan Hasil?"",""unit_id"":""urn:uuid:f8e22a2d-68e2-5902-8b8f-e8d6c03edea0""},""record_type"":""search_document"",""recorded_at"":""2026-08-30T00:00:00Z"",""semantic_key"":""b10:dmoi4:search:urn:uuid:3baa871b-1567-542a-a737-6c7929d86e50""}"
urn:uuid:602a0881-191e-536a-ac3f-dcfa2e67377f,search_document,"{""dataset_id"":""urn:uuid:6090fc4b-b34d-5cff-8f65-acaa06ddd1fc"",""id"":""urn:uuid:602a0881-191e-536a-ac3f-dcfa2e67377f"",""normalized_state"":""published"",""owner_authority_id"":""urn:uuid:4dea4d1d-09ba-504e-9fcd-83524281ca97"",""owner_native_state"":""published"",""payload"":{""bounded_search_text"":""pembuktian logika dan struktur diskrit prinsip penjumlahan dan prinsip perkalian"",""course_id"":""urn:uuid:8937ae38-2a8f-5cb6-b223-b62da2720974"",""learner_anchor"":null,""learner_url"":""https://kokunoyumeto.github.io/discrete-mathematics-open-introduction-id/"",""locale"":""id-ID"",""native_unit_id"":""urn:uuid:44d6530d-226d-5d56-a3e0-2f0534534958"",""order_key"":""0061.000024"",""title"":""Prinsip Penjumlahan dan Prinsip Perkalian"",""unit_id"":""urn:uuid:7309e993-9633-5f8c-9a5e-fd451f825ebd""},""record_type"":""search_document"",""recorded_at"":""2026-08-30T00:00:00Z"",""semantic_key"":""b10:dmoi4:search:urn:uuid:44d6530d-226d-5d56-a3e0-2f0534534958""}"
urn:uuid:70be595f-354c-55bc-906d-9286543be087,search_document,"{""dataset_id"":""urn:uuid:6090fc4b-b34d-5cff-8f65-acaa06ddd1fc"",""id"":""urn:uuid:70be595f-354c-55bc-906d-9286543be087"",""normalized_state"":""published"",""owner_authority_id"":""urn:uuid:4dea4d1d-09ba-504e-9fcd-83524281ca97"",""owner_native_state"":""published"",""payload"":{""bounded_search_text"":""pembuktian logika dan struktur diskrit menggabungkan prinsip subsec sum product"",""course_id"":""urn:uuid:8937ae38-2a8f-5cb6-b223-b62da2720974"",""learner_anchor"":null,""learner_url"":""https://kokunoyumeto.github.io/discrete-mathematics-open-introduction-id/"",""locale"":""id-ID"",""native_unit_id"":""urn:uuid:099de06e-dd3d-5711-ba9e-5edc11026831"",""order_key"":""0061.000053"",""title"":""Menggabungkan Prinsip"",""unit_id"":""urn:uuid:dd923b91-846f-5016-8764-37b6c2a9fe60""},""record_type"":""search_document"",""recorded_at"":""2026-08-30T00:00:00Z"",""semantic_key"":""b10:dmoi4:search:urn:uuid:099de06e-dd3d-5711-ba9e-5edc11026831""}"
urn:uuid:2140eab2-8e12-5807-8aa4-6546199d5353,search_document,"{""dataset_id"":""urn:uuid:6090fc4b-b34d-5cff-8f65-acaa06ddd1fc"",""id"":""urn:uuid:2140eab2-8e12-5807-8aa4-6546199d5353"",""normalized_state"":""published"",""owner_authority_id"":""urn:uuid:4dea4d1d-09ba-504e-9fcd-83524281ca97"",""owner_native_state"":""published"",""payload"":{""bounded_search_text"":""pembuktian logika dan struktur diskrit hasil yang tidak saling lepas sec counting non disjoint"",""course_id"":""urn:uuid:8937ae38-2a8f-5cb6-b223-b62da2720974"",""learner_anchor"":null,""learner_url"":""https://kokunoyumeto.github.io/discrete-mathematics-open-introduction-id/"",""locale"":""id-ID"",""native_unit_id"":""urn:uuid:84a0b4ee-3d47-548f-9073-51c24cf75ed0"",""order_key"":""0064.000001"",""title"":""Hasil yang Tidak Saling Lepas"",""unit_id"":""urn:uuid:a29013a5-e291-515c-96a1-17e7b18db95f""},""record_type"":""search_document"",""recorded_at"":""2026-08-30T00:00:00Z"",""semantic_key"":""b10:dmoi4:search:urn:uuid:84a0b4ee-3d47-548f-9073-51c24cf75ed0""}"
urn:uuid:ca0a00f7-e3d5-5f3a-8d04-a439dc0d5827,search_document,"{""dataset_id"":""urn:uuid:6090fc4b-b34d-5cff-8f65-acaa06ddd1fc"",""id"":""urn:uuid:ca0a00f7-e3d5-5f3a-8d04-a439dc0d5827"",""normalized_state"":""published"",""owner_authority_id"":""urn:uuid:4dea4d1d-09ba-504e-9fcd-83524281ca97"",""owner_native_state"":""published"",""payload"":{""bounded_search_text"":""pembuktian logika dan struktur diskrit pratinjau bagian"",""course_id"":""urn:uuid:8937ae38-2a8f-5cb6-b223-b62da2720974"",""learner_anchor"":null,""learner_url"":""https://kokunoyumeto.github.io/discrete-mathematics-open-introduction-id/"",""locale"":""id-ID"",""native_unit_id"":""urn:uuid:727faf70-fb80-598a-b57d-55e3269ab2d3"",""order_key"":""0064.000003"",""title"":""Pratinjau Bagian"",""unit_id"":""urn:uuid:1fc96fe6-56b6-5931-b17a-e8213f9e4159""},""record_type"":""search_document"",""recorded_at"":""2026-08-30T00:00:00Z"",""semantic_key"":""b10:dmoi4:search:urn:uuid:727faf70-fb80-598a-b57d-55e3269ab2d3""}"
urn:uuid:aca6153a-a9bc-5abb-92d8-68d86ea0f633,search_document,"{""dataset_id"":""urn:uuid:6090fc4b-b34d-5cff-8f65-acaa06ddd1fc"",""id"":""urn:uuid:aca6153a-a9bc-5abb-92d8-68d86ea0f633"",""normalized_state"":""published"",""owner_authority_id"":""urn:uuid:4dea4d1d-09ba-504e-9fcd-83524281ca97"",""owner_native_state"":""published"",""payload"":{""bounded_search_text"":""pembuktian logika dan struktur diskrit menghitung dengan diagram venn subsec counting venn"",""course_id"":""urn:uuid:8937ae38-2a8f-5cb6-b223-b62da2720974"",""learner_anchor"":null,""learner_url"":""https://kokunoyumeto.github.io/discrete-mathematics-open-introduction-id/"",""locale"":""id-ID"",""native_unit_id"":""urn:uuid:7d4d1886-a979-5088-9373-2111449294f9"",""order_key"":""0064.000015"",""title"":""Menghitung dengan Diagram Venn"",""unit_id"":""urn:uuid:c57200be-10d2-5305-a998-25e8b4b18616""},""record_type"":""search_document"",""recorded_at"":""2026-08-30T00:00:00Z"",""semantic_key"":""b10:dmoi4:search:urn:uuid:7d4d1886-a979-5088-9373-2111449294f9""}"
urn:uuid:39f126df-a536-53cf-b1f3-16a81b533807,search_document,"{""dataset_id"":""urn:uuid:6090fc4b-b34d-5cff-8f65-acaa06ddd1fc"",""id"":""urn:uuid:39f126df-a536-53cf-b1f3-16a81b533807"",""normalized_state"":""published"",""owner_authority_id"":""urn:uuid:4dea4d1d-09ba-504e-9fcd-83524281ca97"",""owner_native_state"":""published"",""payload"":{""bounded_search_text"":""pembuktian logika dan struktur diskrit prinsip inklusi eksklusi subsec pie"",""course_id"":""urn:uuid:8937ae38-2a8f-5cb6-b223-b62da2720974"",""learner_anchor"":null,""learner_url"":""https://kokunoyumeto.github.io/discrete-mathematics-open-introduction-id/"",""locale"":""id-ID"",""native_unit_id"":""urn:uuid:65c9c582-b808-5217-9628-502da401bcff"",""order_key"":""0064.000033"",""title"":""Prinsip Inklusi–Eksklusi"",""unit_id"":""urn:uuid:89344072-c970-5a5b-98c2-7fe41f60e79b""},""record_type"":""search_document"",""recorded_at"":""2026-08-30T00:00:00Z"",""semantic_key"":""b10:dmoi4:search:urn:uuid:65c9c582-b808-5217-9628-502da401bcff""}"
urn:uuid:68cd8955-93fa-54e2-b244-591ff58a2cbe,search_document,"{""dataset_id"":""urn:uuid:6090fc4b-b34d-5cff-8f65-acaa06ddd1fc"",""id"":""urn:uuid:68cd8955-93fa-54e2-b244-591ff58a2cbe"",""normalized_state"":""published"",""owner_authority_id"":""urn:uuid:4dea4d1d-09ba-504e-9fcd-83524281ca97"",""owner_native_state"":""published"",""payload"":{""bounded_search_text"":""pembuktian logika dan struktur diskrit tumpang tindih dan prinsip perkalian subsec overlaps and the product principle"",""course_id"":""urn:uuid:8937ae38-2a8f-5cb6-b223-b62da2720974"",""learner_anchor"":null,""learner_url"":""https://kokunoyumeto.github.io/discrete-mathematics-open-introduction-id/"",""locale"":""id-ID"",""native_unit_id"":""urn:uuid:b0294629-644e-589a-a3f1-e15026068f08"",""order_key"":""0064.000044"",""title"":""Tumpang Tindih dan Prinsip Perkalian"",""unit_id"":""urn:uuid:ef730354-fcf4-56f6-8f73-309a8ead5205""},""record_type"":""search_document"",""recorded_at"":""2026-08-30T00:00:00Z"",""semantic_key"":""b10:dmoi4:search:urn:uuid:b0294629-644e-589a-a3f1-e15026068f08""}"
urn:uuid:0a3eb787-6709-5af8-a2fb-d41c9164e015,search_document,"{""dataset_id"":""urn:uuid:6090fc4b-b34d-5cff-8f65-acaa06ddd1fc"",""id"":""urn:uuid:0a3eb787-6709-5af8-a2fb-d41c9164e015"",""normalized_state"":""published"",""owner_authority_id"":""urn:uuid:4dea4d1d-09ba-504e-9fcd-83524281ca97"",""owner_native_state"":""published"",""payload"":{""bounded_search_text"":""pembuktian logika dan struktur diskrit kombinasi dan permutasi sec counting combperm"",""course_id"":""urn:uuid:8937ae38-2a8f-5cb6-b223-b62da2720974"",""learner_anchor"":null,""learner_url"":""https://kokunoyumeto.github.io/discrete-mathematics-open-introduction-id/"",""locale"":""id-ID"",""native_unit_id"":""urn:uuid:f770965c-ec0e-591d-93ef-5236a2c54282"",""order_key"":""0067.000001"",""title"":""Kombinasi dan Permutasi"",""unit_id"":""urn:uuid:31fa84f6-0db0-5c7a-a050-ef281d7965df""},""record_type"":""search_document"",""recorded_at"":""2026-08-30T00:00:00Z"",""semantic_key"":""b10:dmoi4:search:urn:uuid:f770965c-ec0e-591d-93ef-5236a2c54282""}"
urn:uuid:c606d429-ebd2-5e35-bee2-3d31a1607e8a,search_document,"{""dataset_id"":""urn:uuid:6090fc4b-b34d-5cff-8f65-acaa06ddd1fc"",""id"":""urn:uuid:c606d429-ebd2-5e35-bee2-3d31a1607e8a"",""normalized_state"":""published"",""owner_authority_id"":""urn:uuid:4dea4d1d-09ba-504e-9fcd-83524281ca97"",""owner_native_state"":""published"",""payload"":{""bounded_search_text"":""pembuktian logika dan struktur diskrit pratinjau bagian"",""course_id"":""urn:uuid:8937ae38-2a8f-5cb6-b223-b62da2720974"",""learner_anchor"":null,""learner_url"":""https://kokunoyumeto.github.io/discrete-mathematics-open-introduction-id/"",""locale"":""id-ID"",""native_unit_id"":""urn:uuid:257be9f1-c4c3-5d0a-b7fb-efc09e0b7b42"",""order_key"":""0067.000005"",""title"":""Pratinjau Bagian"",""unit_id"":""urn:uuid:2d7c1c4a-e832-56b2-8082-1813d8639f84""},""record_type"":""search_document"",""recorded_at"":""2026-08-30T00:00:00Z"",""semantic_key"":""b10:dmoi4:search:urn:uuid:257be9f1-c4c3-5d0a-b7fb-efc09e0b7b42""}"
urn:uuid:c588cc7d-dd4c-5539-9282-4749356fb938,search_document,"{""dataset_id"":""urn:uuid:6090fc4b-b34d-5cff-8f65-acaa06ddd1fc"",""id"":""urn:uuid:c588cc7d-dd4c-5539-9282-4749356fb938"",""normalized_state"":""published"",""owner_authority_id"":""urn:uuid:4dea4d1d-09ba-504e-9fcd-83524281ca97"",""owner_native_state"":""published"",""payload"":{""bounded_search_text"":""pembuktian logika dan struktur diskrit mencacah barisan subsec counting sequences"",""course_id"":""urn:uuid:8937ae38-2a8f-5cb6-b223-b62da2720974"",""learner_anchor"":null,""learner_url"":""https://kokunoyumeto.github.io/discrete-mathematics-open-introduction-id/"",""locale"":""id-ID"",""native_unit_id"":""urn:uuid:83c87ad3-79b9-5294-ab77-803c6a6314a6"",""order_key"":""0067.000029"",""title"":""Mencacah Barisan"",""unit_id"":""urn:uuid:e3854871-8927-5bfd-be38-f5eb82351bd8""},""record_type"":""search_document"",""recorded_at"":""2026-08-30T00:00:00Z"",""semantic_key"":""b10:dmoi4:search:urn:uuid:83c87ad3-79b9-5294-ab77-803c6a6314a6""}"
urn:uuid:9b2b7291-ebcf-5a96-892c-0353e81349e7,search_document,"{""dataset_id"":""urn:uuid:6090fc4b-b34d-5cff-8f65-acaa06ddd1fc"",""id"":""urn:uuid:9b2b7291-ebcf-5a96-892c-0353e81349e7"",""normalized_state"":""published"",""owner_authority_id"":""urn:uuid:4dea4d1d-09ba-504e-9fcd-83524281ca97"",""owner_native_state"":""published"",""payload"":{""bounded_search_text"":""pembuktian logika dan struktur diskrit mencacah himpunan subsec combinations"",""course_id"":""urn:uuid:8937ae38-2a8f-5cb6-b223-b62da2720974"",""learner_anchor"":null,""learner_url"":""https://kokunoyumeto.github.io/discrete-mathematics-open-introduction-id/"",""locale"":""id-ID"",""native_unit_id"":""urn:uuid:ea887dd9-0109-5269-bc1e-5f278878e813"",""order_key"":""0067.000053"",""title"":""Mencacah Himpunan"",""unit_id"":""urn:uuid:516eb4e5-5fc4-582c-b1ab-728320489f0d""},""record_type"":""search_document"",""recorded_at"":""2026-08-30T00:00:00Z"",""semantic_key"":""b10:dmoi4:search:urn:uuid:ea887dd9-0109-5269-bc1e-5f278878e813""}"
urn:uuid:a5ca457b-d6cf-52fc-ba22-ed1467a6f55b,search_document,"{""dataset_id"":""urn:uuid:6090fc4b-b34d-5cff-8f65-acaa06ddd1fc"",""id"":""urn:uuid:a5ca457b-d6cf-52fc-ba22-ed1467a6f55b"",""normalized_state"":""published"",""owner_authority_id"":""urn:uuid:4dea4d1d-09ba-504e-9fcd-83524281ca97"",""owner_native_state"":""published"",""payload"":{""bounded_search_text"":""pembuktian logika dan struktur diskrit prinsip hasil bagi subsec quotient principle"",""course_id"":""urn:uuid:8937ae38-2a8f-5cb6-b223-b62da2720974"",""learner_anchor"":null,""learner_url"":""https://kokunoyumeto.github.io/discrete-mathematics-open-introduction-id/"",""locale"":""id-ID"",""native_unit_id"":""urn:uuid:4b5d4a64-95fe-5092-95a6-e35c6de74730"",""order_key"":""0067.000067"",""title"":""Prinsip Hasil Bagi"",""unit_id"":""urn:uuid:9cd088fc-11b5-54f5-843e-623d2c713954""},""record_type"":""search_document"",""recorded_at"":""2026-08-30T00:00:00Z"",""semantic_key"":""b10:dmoi4:search:urn:uuid:4b5d4a64-95fe-5092-95a6-e35c6de74730""}"
urn:uuid:07653cef-1147-5028-acf0-392a0adc45dc,search_document,"{""dataset_id"":""urn:uuid:6090fc4b-b34d-5cff-8f65-acaa06ddd1fc"",""id"":""urn:uuid:07653cef-1147-5028-acf0-392a0adc45dc"",""normalized_state"":""published"",""owner_authority_id"":""urn:uuid:4dea4d1d-09ba-504e-9fcd-83524281ca97"",""owner_native_state"":""published"",""payload"":{""bounded_search_text"":""pembuktian logika dan struktur diskrit menghitung multihimpunan sec counting multisets"",""course_id"":""urn:uuid:8937ae38-2a8f-5cb6-b223-b62da2720974"",""learner_anchor"":null,""learner_url"":""https://kokunoyumeto.github.io/discrete-mathematics-open-introduction-id/"",""locale"":""id-ID"",""native_unit_id"":""urn:uuid:6de6368b-daa0-5d8b-a333-621b4b895de9"",""order_key"":""0071.000001"",""title"":""Menghitung Multihimpunan"",""unit_id"":""urn:uuid:d132fda4-0376-5db7-bf0a-0d00e208a1fe""},""record_type"":""search_document"",""recorded_at"":""2026-08-30T00:00:00Z"",""semantic_key"":""b10:dmoi4:search:urn:uuid:6de6368b-daa0-5d8b-a333-621b4b895de9""}"
urn:uuid:704f1196-fa6b-5f7d-ab2f-b63255ef2c7b,search_document,"{""dataset_id"":""urn:uuid:6090fc4b-b34d-5cff-8f65-acaa06ddd1fc"",""id"":""urn:uuid:704f1196-fa6b-5f7d-ab2f-b63255ef2c7b"",""normalized_state"":""published"",""owner_authority_id"":""urn:uuid:4dea4d1d-09ba-504e-9fcd-83524281ca97"",""owner_native_state"":""published"",""payload"":{""bounded_search_text"":""pembuktian logika dan struktur diskrit pratinjau bagian"",""course_id"":""urn:uuid:8937ae38-2a8f-5cb6-b223-b62da2720974"",""learner_anchor"":null,""learner_url"":""https://kokunoyumeto.github.io/discrete-mathematics-open-introduction-id/"",""locale"":""id-ID"",""native_unit_id"":""urn:uuid:e755d292-569a-5b8a-b42b-6cf0582af31a"",""order_key"":""0071.000008"",""title"":""Pratinjau Bagian"",""unit_id"":""urn:uuid:bcbd642d-8940-5d7a-9ebc-62747bd1f024""},""record_type"":""search_document"",""recorded_at"":""2026-08-30T00:00:00Z"",""semantic_key"":""b10:dmoi4:search:urn:uuid:e755d292-569a-5b8a-b42b-6cf0582af31a""}"
urn:uuid:e7fa6da7-5438-5577-9937-13f50e47e478,search_document,"{""dataset_id"":""urn:uuid:6090fc4b-b34d-5cff-8f65-acaa06ddd1fc"",""id"":""urn:uuid:e7fa6da7-5438-5577-9937-13f50e47e478"",""normalized_state"":""published"",""owner_authority_id"":""urn:uuid:4dea4d1d-09ba-504e-9fcd-83524281ca97"",""owner_native_state"":""published"",""payload"":{""bounded_search_text"":""pembuktian logika dan struktur diskrit silakan ambil kue subsec cookies kids"",""course_id"":""urn:uuid:8937ae38-2a8f-5cb6-b223-b62da2720974"",""learner_anchor"":null,""learner_url"":""https://kokunoyumeto.github.io/discrete-mathematics-open-introduction-id/"",""locale"":""id-ID"",""native_unit_id"":""urn:uuid:eb099a6c-34f6-51cc-a20c-42a915f8036d"",""order_key"":""0071.000023"",""title"":""Silakan Ambil Kue"",""unit_id"":""urn:uuid:86ef125b-a234-572c-98d6-90e28de9546c""},""record_type"":""search_document"",""recorded_at"":""2026-08-30T00:00:00Z"",""semantic_key"":""b10:dmoi4:search:urn:uuid:eb099a6c-34f6-51cc-a20c-42a915f8036d""}"
urn:uuid:7b9671bc-aaff-5cbd-b922-641cf2abaaff,search_document,"{""dataset_id"":""urn:uuid:6090fc4b-b34d-5cff-8f65-acaa06ddd1fc"",""id"":""urn:uuid:7b9671bc-aaff-5cbd-b922-641cf2abaaff"",""normalized_state"":""published"",""owner_authority_id"":""urn:uuid:4dea4d1d-09ba-504e-9fcd-83524281ca97"",""owner_native_state"":""published"",""payload"":{""bounded_search_text"":""pembuktian logika dan struktur diskrit merepresentasikan multihimpunan dengan string bit subsec representing multisets with bit strings"",""course_id"":""urn:uuid:8937ae38-2a8f-5cb6-b223-b62da2720974"",""learner_anchor"":null,""learner_url"":""https://kokunoyumeto.github.io/discrete-mathematics-open-introduction-id/"",""locale"":""id-ID"",""native_unit_id"":""urn:uuid:cb633525-6d22-50b7-8c9f-08212a6a385d"",""order_key"":""0071.000028"",""title"":""Merepresentasikan Multihimpunan dengan String Bit"",""unit_id"":""urn:uuid:ca095221-9ae4-59c4-bc19-150159773e4e""},""record_type"":""search_document"",""recorded_at"":""2026-08-30T00:00:00Z"",""semantic_key"":""b10:dmoi4:search:urn:uuid:cb633525-6d22-50b7-8c9f-08212a6a385d""}"
urn:uuid:88af9b04-84fc-5e9b-9985-855b2220a3ab,search_document,"{""dataset_id"":""urn:uuid:6090fc4b-b34d-5cff-8f65-acaa06ddd1fc"",""id"":""urn:uuid:88af9b04-84fc-5e9b-9985-855b2220a3ab"",""normalized_state"":""published"",""owner_authority_id"":""urn:uuid:4dea4d1d-09ba-504e-9fcd-83524281ca97"",""owner_native_state"":""published"",""payload"":{""bounded_search_text"":""pembuktian logika dan struktur diskrit pembuktian kombinatorial sec comb proofs"",""course_id"":""urn:uuid:8937ae38-2a8f-5cb6-b223-b62da2720974"",""learner_anchor"":null,""learner_url"":""https://kokunoyumeto.github.io/discrete-mathematics-open-introduction-id/"",""locale"":""id-ID"",""native_unit_id"":""urn:uuid:1e7d9dc7-fc2c-5cfd-8bb5-859955d9c31b"",""order_key"":""0075.000001"",""title"":""Pembuktian Kombinatorial"",""unit_id"":""urn:uuid:a4e55f0c-9890-56e8-925c-065677424cfa""},""record_type"":""search_document"",""recorded_at"":""2026-08-30T00:00:00Z"",""semantic_key"":""b10:dmoi4:search:urn:uuid:1e7d9dc7-fc2c-5cfd-8bb5-859955d9c31b""}"
urn:uuid:52b89bb5-d4fd-5884-ab8e-e461afee17bb,search_document,"{""dataset_id"":""urn:uuid:6090fc4b-b34d-5cff-8f65-acaa06ddd1fc"",""id"":""urn:uuid:52b89bb5-d4fd-5884-ab8e-e461afee17bb"",""normalized_state"":""published"",""owner_authority_id"":""urn:uuid:4dea4d1d-09ba-504e-9fcd-83524281ca97"",""owner_native_state"":""published"",""payload"":{""bounded_search_text"":""pembuktian logika dan struktur diskrit pratinjau bagian"",""course_id"":""urn:uuid:8937ae38-2a8f-5cb6-b223-b62da2720974"",""learner_anchor"":null,""learner_url"":""https://kokunoyumeto.github.io/discrete-mathematics-open-introduction-id/"",""locale"":""id-ID"",""native_unit_id"":""urn:uuid:a5832a98-b280-5766-bf2e-cc28d8905a49"",""order_key"":""0075.000005"",""title"":""Pratinjau Bagian"",""unit_id"":""urn:uuid:8c8e5889-eb43-54c8-94f9-6e14d1188928""},""record_type"":""search_document"",""recorded_at"":""2026-08-30T00:00:00Z"",""semantic_key"":""b10:dmoi4:search:urn:uuid:a5832a98-b280-5766-bf2e-cc28d8905a49""}"
urn:uuid:4901e2b6-7eab-5ed7-b4cc-cd451926c2ca,search_document,"{""dataset_id"":""urn:uuid:6090fc4b-b34d-5cff-8f65-acaa06ddd1fc"",""id"":""urn:uuid:4901e2b6-7eab-5ed7-b4cc-cd451926c2ca"",""normalized_state"":""published"",""owner_authority_id"":""urn:uuid:4dea4d1d-09ba-504e-9fcd-83524281ca97"",""owner_native_state"":""published"",""payload"":{""bounded_search_text"":""pembuktian logika dan struktur diskrit pola dalam segitiga pascal subsec patternspascal"",""course_id"":""urn:uuid:8937ae38-2a8f-5cb6-b223-b62da2720974"",""learner_anchor"":null,""learner_url"":""https://kokunoyumeto.github.io/discrete-mathematics-open-introduction-id/"",""locale"":""id-ID"",""native_unit_id"":""urn:uuid:f9a1a2de-c0d9-5fb3-955a-0ebab5459fed"",""order_key"":""0075.000007"",""title"":""Pola dalam Segitiga Pascal"",""unit_id"":""urn:uuid:321a93e1-8c18-59dc-bf34-102b7f6abfee""},""record_type"":""search_document"",""recorded_at"":""2026-08-30T00:00:00Z"",""semantic_key"":""b10:dmoi4:search:urn:uuid:f9a1a2de-c0d9-5fb3-955a-0ebab5459fed""}"
urn:uuid:09ffe62d-fd43-5e80-b2a6-ca3ed8e8544c,search_document,"{""dataset_id"":""urn:uuid:6090fc4b-b34d-5cff-8f65-acaa06ddd1fc"",""id"":""urn:uuid:09ffe62d-fd43-5e80-b2a6-ca3ed8e8544c"",""normalized_state"":""published"",""owner_authority_id"":""urn:uuid:4dea4d1d-09ba-504e-9fcd-83524281ca97"",""owner_native_state"":""published"",""payload"":{""bounded_search_text"":""pembuktian logika dan struktur diskrit pembuktian lainnya subsec moreproofs"",""course_id"":""urn:uuid:8937ae38-2a8f-5cb6-b223-b62da2720974"",""learner_anchor"":null,""learner_url"":""https://kokunoyumeto.github.io/discrete-mathematics-open-introduction-id/"",""locale"":""id-ID"",""native_unit_id"":""urn:uuid:b9cfe798-1eda-5676-bcb2-35ae152245a0"",""order_key"":""0075.000022"",""title"":""Pembuktian Lainnya"",""unit_id"":""urn:uuid:0f9c2112-394c-57cc-a92b-cf80d80cdabb""},""record_type"":""search_document"",""recorded_at"":""2026-08-30T00:00:00Z"",""semantic_key"":""b10:dmoi4:search:urn:uuid:b9cfe798-1eda-5676-bcb2-35ae152245a0""}"
urn:uuid:b5f83762-e343-5285-a8c5-5f6edf880b85,search_document,"{""dataset_id"":""urn:uuid:6090fc4b-b34d-5cff-8f65-acaa06ddd1fc"",""id"":""urn:uuid:b5f83762-e343-5285-a8c5-5f6edf880b85"",""normalized_state"":""published"",""owner_authority_id"":""urn:uuid:4dea4d1d-09ba-504e-9fcd-83524281ca97"",""owner_native_state"":""published"",""payload"":{""bounded_search_text"":""pembuktian logika dan struktur diskrit penerapan pada peluang sec counting probability"",""course_id"":""urn:uuid:8937ae38-2a8f-5cb6-b223-b62da2720974"",""learner_anchor"":null,""learner_url"":""https://kokunoyumeto.github.io/discrete-mathematics-open-introduction-id/"",""locale"":""id-ID"",""native_unit_id"":""urn:uuid:3832a877-42f8-5dbc-8ab2-c1c17e5e38e5"",""order_key"":""0079.000001"",""title"":""Penerapan pada Peluang"",""unit_id"":""urn:uuid:b7a0541f-4f3d-5f21-a26e-7dbcd2f5c814""},""record_type"":""search_document"",""recorded_at"":""2026-08-30T00:00:00Z"",""semantic_key"":""b10:dmoi4:search:urn:uuid:3832a877-42f8-5dbc-8ab2-c1c17e5e38e5""}"
urn:uuid:16cf1e73-03f6-59ea-9d98-894115cd3bf7,search_document,"{""dataset_id"":""urn:uuid:6090fc4b-b34d-5cff-8f65-acaa06ddd1fc"",""id"":""urn:uuid:16cf1e73-03f6-59ea-9d98-894115cd3bf7"",""normalized_state"":""published"",""owner_authority_id"":""urn:uuid:4dea4d1d-09ba-504e-9fcd-83524281ca97"",""owner_native_state"":""published"",""payload"":{""bounded_search_text"":""pembuktian logika dan struktur diskrit pratinjau bagian"",""course_id"":""urn:uuid:8937ae38-2a8f-5cb6-b223-b62da2720974"",""learner_anchor"":null,""learner_url"":""https://kokunoyumeto.github.io/discrete-mathematics-open-introduction-id/"",""locale"":""id-ID"",""native_unit_id"":""urn:uuid:8190cac9-7d71-5d79-a618-7fdc63a065f9"",""order_key"":""0079.000003"",""title"":""Pratinjau Bagian"",""unit_id"":""urn:uuid:67788ef1-7b87-5de3-8950-9f600b966c26""},""record_type"":""search_document"",""recorded_at"":""2026-08-30T00:00:00Z"",""semantic_key"":""b10:dmoi4:search:urn:uuid:8190cac9-7d71-5d79-a618-7fdc63a065f9""}"
urn:uuid:b1c6944a-fdbc-5f5c-99f1-235837baea9b,search_document,"{""dataset_id"":""urn:uuid:6090fc4b-b34d-5cff-8f65-acaa06ddd1fc"",""id"":""urn:uuid:b1c6944a-fdbc-5f5c-99f1-235837baea9b"",""normalized_state"":""published"",""owner_authority_id"":""urn:uuid:4dea4d1d-09ba-504e-9fcd-83524281ca97"",""owner_native_state"":""published"",""payload"":{""bounded_search_text"":""pembuktian logika dan struktur diskrit menghitung peluang subsec computing probabilities"",""course_id"":""urn:uuid:8937ae38-2a8f-5cb6-b223-b62da2720974"",""learner_anchor"":null,""learner_url"":""https://kokunoyumeto.github.io/discrete-mathematics-open-introduction-id/"",""locale"":""id-ID"",""native_unit_id"":""urn:uuid:f25f3d25-e332-5e2f-be48-aa6cb3f52aed"",""order_key"":""0079.000025"",""title"":""Menghitung Peluang"",""unit_id"":""urn:uuid:ec15bbbb-8c68-53ee-81e5-14e91df5d9ec""},""record_type"":""search_document"",""recorded_at"":""2026-08-30T00:00:00Z"",""semantic_key"":""b10:dmoi4:search:urn:uuid:f25f3d25-e332-5e2f-be48-aa6cb3f52aed""}"
urn:uuid:08347168-3455-5583-8672-0f5cc13509c7,search_document,"{""dataset_id"":""urn:uuid:6090fc4b-b34d-5cff-8f65-acaa06ddd1fc"",""id"":""urn:uuid:08347168-3455-5583-8672-0f5cc13509c7"",""normalized_state"":""published"",""owner_authority_id"":""urn:uuid:4dea4d1d-09ba-504e-9fcd-83524281ca97"",""owner_native_state"":""published"",""payload"":{""bounded_search_text"":""pembuktian logika dan struktur diskrit aturan peluang subsec probability rules"",""course_id"":""urn:uuid:8937ae38-2a8f-5cb6-b223-b62da2720974"",""learner_anchor"":null,""learner_url"":""https://kokunoyumeto.github.io/discrete-mathematics-open-introduction-id/"",""locale"":""id-ID"",""native_unit_id"":""urn:uuid:e7defa00-7fc3-5e8c-82b0-175177750bce"",""order_key"":""0079.000040"",""title"":""Aturan Peluang"",""unit_id"":""urn:uuid:8a3f06ce-3e74-506e-a699-c363f9deb50b""},""record_type"":""search_document"",""recorded_at"":""2026-08-30T00:00:00Z"",""semantic_key"":""b10:dmoi4:search:urn:uuid:e7defa00-7fc3-5e8c-82b0-175177750bce""}"
urn:uuid:b3075981-c22f-513b-a3b8-884d929c62f2,search_document,"{""dataset_id"":""urn:uuid:6090fc4b-b34d-5cff-8f65-acaa06ddd1fc"",""id"":""urn:uuid:b3075981-c22f-513b-a3b8-884d929c62f2"",""normalized_state"":""published"",""owner_authority_id"":""urn:uuid:4dea4d1d-09ba-504e-9fcd-83524281ca97"",""owner_native_state"":""published"",""payload"":{""bounded_search_text"":""pembuktian logika dan struktur diskrit peluang bersyarat"",""course_id"":""urn:uuid:8937ae38-2a8f-5cb6-b223-b62da2720974"",""learner_anchor"":null,""learner_url"":""https://kokunoyumeto.github.io/discrete-mathematics-open-introduction-id/"",""locale"":""id-ID"",""native_unit_id"":""urn:uuid:46e4715d-b87f-5a1b-8f0b-13391d54822f"",""order_key"":""0079.000059"",""title"":""Peluang Bersyarat"",""unit_id"":""urn:uuid:e7643c9b-51b1-5a5e-bf63-ce3e6b7b5e19""},""record_type"":""search_document"",""recorded_at"":""2026-08-30T00:00:00Z"",""semantic_key"":""b10:dmoi4:search:urn:uuid:46e4715d-b87f-5a1b-8f0b-13391d54822f""}"
urn:uuid:1c6de943-ae52-55e3-a53b-427776a2f97d,search_document,"{""dataset_id"":""urn:uuid:6090fc4b-b34d-5cff-8f65-acaa06ddd1fc"",""id"":""urn:uuid:1c6de943-ae52-55e3-a53b-427776a2f97d"",""normalized_state"":""published"",""owner_authority_id"":""urn:uuid:4dea4d1d-09ba-504e-9fcd-83524281ca97"",""owner_native_state"":""published"",""payload"":{""bounded_search_text"":""pembuktian logika dan struktur diskrit pencacahan lanjut dengan prinsip inklusi eksklusi sec advpie"",""course_id"":""urn:uuid:8937ae38-2a8f-5cb6-b223-b62da2720974"",""learner_anchor"":null,""learner_url"":""https://kokunoyumeto.github.io/discrete-mathematics-open-introduction-id/"",""locale"":""id-ID"",""native_unit_id"":""urn:uuid:04ec8099-78a5-58ca-b8e7-bb113bb2020a"",""order_key"":""0082.000001"",""title"":""Pencacahan Lanjut dengan Prinsip Inklusi–Eksklusi"",""unit_id"":""urn:uuid:1a61f843-766b-5ab0-8caa-7ad6f75f241d""},""record_type"":""search_document"",""recorded_at"":""2026-08-30T00:00:00Z"",""semantic_key"":""b10:dmoi4:search:urn:uuid:04ec8099-78a5-58ca-b8e7-bb113bb2020a""}"
urn:uuid:a80f8eab-c53b-5760-8bdf-5afa5b129aaf,search_document,"{""dataset_id"":""urn:uuid:6090fc4b-b34d-5cff-8f65-acaa06ddd1fc"",""id"":""urn:uuid:a80f8eab-c53b-5760-8bdf-5afa5b129aaf"",""normalized_state"":""published"",""owner_authority_id"":""urn:uuid:4dea4d1d-09ba-504e-9fcd-83524281ca97"",""owner_native_state"":""published"",""payload"":{""bounded_search_text"":""pembuktian logika dan struktur diskrit pratinjau bagian"",""course_id"":""urn:uuid:8937ae38-2a8f-5cb6-b223-b62da2720974"",""learner_anchor"":null,""learner_url"":""https://kokunoyumeto.github.io/discrete-mathematics-open-introduction-id/"",""locale"":""id-ID"",""native_unit_id"":""urn:uuid:b2e4bd61-071e-514c-8788-c44863c4b8ef"",""order_key"":""0082.000004"",""title"":""Pratinjau Bagian"",""unit_id"":""urn:uuid:742242f6-5e88-5b3c-9694-cb600784d6a5""},""record_type"":""search_document"",""recorded_at"":""2026-08-30T00:00:00Z"",""semantic_key"":""b10:dmoi4:search:urn:uuid:b2e4bd61-071e-514c-8788-c44863c4b8ef""}"
urn:uuid:fd4c45a2-f1bb-5d5c-97e8-d79a93126b3e,search_document,"{""dataset_id"":""urn:uuid:6090fc4b-b34d-5cff-8f65-acaa06ddd1fc"",""id"":""urn:uuid:fd4c45a2-f1bb-5d5c-97e8-d79a93126b3e"",""normalized_state"":""published"",""owner_authority_id"":""urn:uuid:4dea4d1d-09ba-504e-9fcd-83524281ca97"",""owner_native_state"":""published"",""payload"":{""bounded_search_text"":""pembuktian logika dan struktur diskrit prinsip inklusi eksklusi untuk multihimpunan subsec multset pie"",""course_id"":""urn:uuid:8937ae38-2a8f-5cb6-b223-b62da2720974"",""learner_anchor"":null,""learner_url"":""https://kokunoyumeto.github.io/discrete-mathematics-open-introduction-id/"",""locale"":""id-ID"",""native_unit_id"":""urn:uuid:fbd6c617-604f-56b8-8ad2-4eb0c3788400"",""order_key"":""0082.000021"",""title"":""Prinsip Inklusi–Eksklusi untuk Multihimpunan"",""unit_id"":""urn:uuid:84f368f1-2de4-5967-803d-0d82da660a94""},""record_type"":""search_document"",""recorded_at"":""2026-08-30T00:00:00Z"",""semantic_key"":""b10:dmoi4:search:urn:uuid:fbd6c617-604f-56b8-8ad2-4eb0c3788400""}"
urn:uuid:e3705371-d6c4-59e4-925e-49bb86a1bf90,search_document,"{""dataset_id"":""urn:uuid:6090fc4b-b34d-5cff-8f65-acaa06ddd1fc"",""id"":""urn:uuid:e3705371-d6c4-59e4-925e-49bb86a1bf90"",""normalized_state"":""published"",""owner_authority_id"":""urn:uuid:4dea4d1d-09ba-504e-9fcd-83524281ca97"",""owner_native_state"":""published"",""payload"":{""bounded_search_text"":""pembuktian logika dan struktur diskrit mencacah permutasi tanpa titik tetap subsec derangements"",""course_id"":""urn:uuid:8937ae38-2a8f-5cb6-b223-b62da2720974"",""learner_anchor"":null,""learner_url"":""https://kokunoyumeto.github.io/discrete-mathematics-open-introduction-id/"",""locale"":""id-ID"",""native_unit_id"":""urn:uuid:9da9f3a0-81ce-561b-b625-1fe204a5212a"",""order_key"":""0082.000029"",""title"":""Mencacah Permutasi Tanpa Titik Tetap"",""unit_id"":""urn:uuid:ff7c27a3-526a-5467-8ef3-38b349d0dce6""},""record_type"":""search_document"",""recorded_at"":""2026-08-30T00:00:00Z"",""semantic_key"":""b10:dmoi4:search:urn:uuid:9da9f3a0-81ce-561b-b625-1fe204a5212a""}"
urn:uuid:d817350f-5ae4-5d31-b42b-db3f636f4f38,search_document,"{""dataset_id"":""urn:uuid:6090fc4b-b34d-5cff-8f65-acaa06ddd1fc"",""id"":""urn:uuid:d817350f-5ae4-5d31-b42b-db3f636f4f38"",""normalized_state"":""published"",""owner_authority_id"":""urn:uuid:4dea4d1d-09ba-504e-9fcd-83524281ca97"",""owner_native_state"":""published"",""payload"":{""bounded_search_text"":""pembuktian logika dan struktur diskrit mencacah fungsi"",""course_id"":""urn:uuid:8937ae38-2a8f-5cb6-b223-b62da2720974"",""learner_anchor"":null,""learner_url"":""https://kokunoyumeto.github.io/discrete-mathematics-open-introduction-id/"",""locale"":""id-ID"",""native_unit_id"":""urn:uuid:4ef2642b-2925-5749-bdc1-e15a4f93f02b"",""order_key"":""0082.000037"",""title"":""Mencacah Fungsi"",""unit_id"":""urn:uuid:d38c092a-aefd-5d86-8bac-caf0f6f81613""},""record_type"":""search_document"",""recorded_at"":""2026-08-30T00:00:00Z"",""semantic_key"":""b10:dmoi4:search:urn:uuid:4ef2642b-2925-5749-bdc1-e15a4f93f02b""}"
urn:uuid:7db25b35-4d01-5b6d-aedd-5389a629fbf1,search_document,"{""dataset_id"":""urn:uuid:6090fc4b-b34d-5cff-8f65-acaa06ddd1fc"",""id"":""urn:uuid:7db25b35-4d01-5b6d-aedd-5389a629fbf1"",""normalized_state"":""published"",""owner_authority_id"":""urn:uuid:4dea4d1d-09ba-504e-9fcd-83524281ca97"",""owner_native_state"":""published"",""payload"":{""bounded_search_text"":""pembuktian logika dan struktur diskrit ringkasan bab sec count conc"",""course_id"":""urn:uuid:8937ae38-2a8f-5cb6-b223-b62da2720974"",""learner_anchor"":null,""learner_url"":""https://kokunoyumeto.github.io/discrete-mathematics-open-introduction-id/"",""locale"":""id-ID"",""native_unit_id"":""urn:uuid:f129b20d-a414-59f9-92ac-edbce3cf021d"",""order_key"":""0085.000001"",""title"":""Ringkasan Bab"",""unit_id"":""urn:uuid:f382f851-55e1-5533-8113-fcc9ad23bfef""},""record_type"":""search_document"",""recorded_at"":""2026-08-30T00:00:00Z"",""semantic_key"":""b10:dmoi4:search:urn:uuid:f129b20d-a414-59f9-92ac-edbce3cf021d""}"
urn:uuid:bb24f570-c4b8-505e-a154-215289c24eca,search_document,"{""dataset_id"":""urn:uuid:6090fc4b-b34d-5cff-8f65-acaa06ddd1fc"",""id"":""urn:uuid:bb24f570-c4b8-505e-a154-215289c24eca"",""normalized_state"":""published"",""owner_authority_id"":""urn:uuid:4dea4d1d-09ba-504e-9fcd-83524281ca97"",""owner_native_state"":""published"",""payload"":{""bounded_search_text"":""pembuktian logika dan struktur diskrit barisan ch sequences"",""course_id"":""urn:uuid:8937ae38-2a8f-5cb6-b223-b62da2720974"",""learner_anchor"":null,""learner_url"":""https://kokunoyumeto.github.io/discrete-mathematics-open-introduction-id/"",""locale"":""id-ID"",""native_unit_id"":""urn:uuid:19ea5430-df56-5790-850c-cc430bf1b015"",""order_key"":""0087.000001"",""title"":""Barisan"",""unit_id"":""urn:uuid:63c35ed2-dcef-58d1-b115-2d4b9f50167d""},""record_type"":""search_document"",""recorded_at"":""2026-08-30T00:00:00Z"",""semantic_key"":""b10:dmoi4:search:urn:uuid:19ea5430-df56-5790-850c-cc430bf1b015""}"
urn:uuid:cce2693d-5e96-503b-be4e-4e8f7ff95587,search_document,"{""dataset_id"":""urn:uuid:6090fc4b-b34d-5cff-8f65-acaa06ddd1fc"",""id"":""urn:uuid:cce2693d-5e96-503b-be4e-4e8f7ff95587"",""normalized_state"":""published"",""owner_authority_id"":""urn:uuid:4dea4d1d-09ba-504e-9fcd-83524281ca97"",""owner_native_state"":""published"",""payload"":{""bounded_search_text"":""pembuktian logika dan struktur diskrit mendeskripsikan barisan sec seq intro"",""course_id"":""urn:uuid:8937ae38-2a8f-5cb6-b223-b62da2720974"",""learner_anchor"":null,""learner_url"":""https://kokunoyumeto.github.io/discrete-mathematics-open-introduction-id/"",""locale"":""id-ID"",""native_unit_id"":""urn:uuid:d77ac50a-8e92-5fb4-b32d-2884d673b368"",""order_key"":""0088.000001"",""title"":""Mendeskripsikan Barisan"",""unit_id"":""urn:uuid:c8ad07a5-4800-5e85-b1b7-c3491ccb6008""},""record_type"":""search_document"",""recorded_at"":""2026-08-30T00:00:00Z"",""semantic_key"":""b10:dmoi4:search:urn:uuid:d77ac50a-8e92-5fb4-b32d-2884d673b368""}"
urn:uuid:6f6c5804-b869-5ebf-923e-5e5e928862f6,search_document,"{""dataset_id"":""urn:uuid:6090fc4b-b34d-5cff-8f65-acaa06ddd1fc"",""id"":""urn:uuid:6f6c5804-b869-5ebf-923e-5e5e928862f6"",""normalized_state"":""published"",""owner_authority_id"":""urn:uuid:4dea4d1d-09ba-504e-9fcd-83524281ca97"",""owner_native_state"":""published"",""payload"":{""bounded_search_text"":""pembuktian logika dan struktur diskrit pratinjau bagian subsec preview"",""course_id"":""urn:uuid:8937ae38-2a8f-5cb6-b223-b62da2720974"",""learner_anchor"":null,""learner_url"":""https://kokunoyumeto.github.io/discrete-mathematics-open-introduction-id/"",""locale"":""id-ID"",""native_unit_id"":""urn:uuid:b7c2189f-42cf-5bf5-8458-d6c20d5ea6df"",""order_key"":""0088.000003"",""title"":""Pratinjau Bagian"",""unit_id"":""urn:uuid:1fabeeeb-9b09-5c0b-953a-67ed60765ce4""},""record_type"":""search_document"",""recorded_at"":""2026-08-30T00:00:00Z"",""semantic_key"":""b10:dmoi4:search:urn:uuid:b7c2189f-42cf-5bf5-8458-d6c20d5ea6df""}"
urn:uuid:8651120e-dde9-5031-bfee-b573d6c4bfc9,search_document,"{""dataset_id"":""urn:uuid:6090fc4b-b34d-5cff-8f65-acaa06ddd1fc"",""id"":""urn:uuid:8651120e-dde9-5031-bfee-b573d6c4bfc9"",""normalized_state"":""published"",""owner_authority_id"":""urn:uuid:4dea4d1d-09ba-504e-9fcd-83524281ca97"",""owner_native_state"":""published"",""payload"":{""bounded_search_text"":""pembuktian logika dan struktur diskrit barisan dan rumus subsec formulas for sequences"",""course_id"":""urn:uuid:8937ae38-2a8f-5cb6-b223-b62da2720974"",""learner_anchor"":null,""learner_url"":""https://kokunoyumeto.github.io/discrete-mathematics-open-introduction-id/"",""locale"":""id-ID"",""native_unit_id"":""urn:uuid:5464d3ea-6b6d-58da-b255-60bf456cc8b4"",""order_key"":""0088.000019"",""title"":""Barisan dan Rumus"",""unit_id"":""urn:uuid:6dfd9475-193b-54bf-801e-054da99b2b7a""},""record_type"":""search_document"",""recorded_at"":""2026-08-30T00:00:00Z"",""semantic_key"":""b10:dmoi4:search:urn:uuid:5464d3ea-6b6d-58da-b255-60bf456cc8b4""}"
urn:uuid:5d6f6260-ec37-5913-ad6c-6858a4740e0d,search_document,"{""dataset_id"":""urn:uuid:6090fc4b-b34d-5cff-8f65-acaa06ddd1fc"",""id"":""urn:uuid:5d6f6260-ec37-5913-ad6c-6858a4740e0d"",""normalized_state"":""published"",""owner_authority_id"":""urn:uuid:4dea4d1d-09ba-504e-9fcd-83524281ca97"",""owner_native_state"":""published"",""payload"":{""bounded_search_text"":""pembuktian logika dan struktur diskrit jumlah parsial dan selisih subsec partial sums"",""course_id"":""urn:uuid:8937ae38-2a8f-5cb6-b223-b62da2720974"",""learner_anchor"":null,""learner_url"":""https://kokunoyumeto.github.io/discrete-mathematics-open-introduction-id/"",""locale"":""id-ID"",""native_unit_id"":""urn:uuid:05228726-9598-56be-b15b-26a83661d0d2"",""order_key"":""0088.000051"",""title"":""Jumlah Parsial dan Selisih"",""unit_id"":""urn:uuid:e1e4f925-1208-5354-8f93-0f01fd5b54fb""},""record_type"":""search_document"",""recorded_at"":""2026-08-30T00:00:00Z"",""semantic_key"":""b10:dmoi4:search:urn:uuid:05228726-9598-56be-b15b-26a83661d0d2""}"
urn:uuid:4bad9249-a1b7-5fca-a8f6-2cdbe71ac9b6,search_document,"{""dataset_id"":""urn:uuid:6090fc4b-b34d-5cff-8f65-acaa06ddd1fc"",""id"":""urn:uuid:4bad9249-a1b7-5fca-a8f6-2cdbe71ac9b6"",""normalized_state"":""published"",""owner_authority_id"":""urn:uuid:4dea4d1d-09ba-504e-9fcd-83524281ca97"",""owner_native_state"":""published"",""payload"":{""bounded_search_text"":""pembuktian logika dan struktur diskrit barisan dalam python subsec seq python"",""course_id"":""urn:uuid:8937ae38-2a8f-5cb6-b223-b62da2720974"",""learner_anchor"":null,""learner_url"":""https://kokunoyumeto.github.io/discrete-mathematics-open-introduction-id/"",""locale"":""id-ID"",""native_unit_id"":""urn:uuid:c927259d-6c0f-528f-bb08-a485b1e2b23c"",""order_key"":""0088.000065"",""title"":""Barisan dalam Python"",""unit_id"":""urn:uuid:f1a446c5-d80b-5a0d-9afb-a905c0011e5b""},""record_type"":""search_document"",""recorded_at"":""2026-08-30T00:00:00Z"",""semantic_key"":""b10:dmoi4:search:urn:uuid:c927259d-6c0f-528f-bb08-a485b1e2b23c""}"
urn:uuid:8c51b2bf-8342-567a-a3d0-7dffef3f84d7,search_document,"{""dataset_id"":""urn:uuid:6090fc4b-b34d-5cff-8f65-acaa06ddd1fc"",""id"":""urn:uuid:8c51b2bf-8342-567a-a3d0-7dffef3f84d7"",""normalized_state"":""published"",""owner_authority_id"":""urn:uuid:4dea4d1d-09ba-504e-9fcd-83524281ca97"",""owner_native_state"":""published"",""payload"":{""bounded_search_text"":""pembuktian logika dan struktur diskrit laju pertumbuhan sec seq growth"",""course_id"":""urn:uuid:8937ae38-2a8f-5cb6-b223-b62da2720974"",""learner_anchor"":null,""learner_url"":""https://kokunoyumeto.github.io/discrete-mathematics-open-introduction-id/"",""locale"":""id-ID"",""native_unit_id"":""urn:uuid:c854155b-85ad-5ce2-9533-dc610468de47"",""order_key"":""0091.000001"",""title"":""Laju Pertumbuhan"",""unit_id"":""urn:uuid:44ae7401-4761-5c46-88a5-4b7d027ff5c4""},""record_type"":""search_document"",""recorded_at"":""2026-08-30T00:00:00Z"",""semantic_key"":""b10:dmoi4:search:urn:uuid:c854155b-85ad-5ce2-9533-dc610468de47""}"
urn:uuid:7ae4088c-cb91-5a2d-a603-61e492da56f3,search_document,"{""dataset_id"":""urn:uuid:6090fc4b-b34d-5cff-8f65-acaa06ddd1fc"",""id"":""urn:uuid:7ae4088c-cb91-5a2d-a603-61e492da56f3"",""normalized_state"":""published"",""owner_authority_id"":""urn:uuid:4dea4d1d-09ba-504e-9fcd-83524281ca97"",""owner_native_state"":""published"",""payload"":{""bounded_search_text"":""pembuktian logika dan struktur diskrit pratinjau bagian"",""course_id"":""urn:uuid:8937ae38-2a8f-5cb6-b223-b62da2720974"",""learner_anchor"":null,""learner_url"":""https://kokunoyumeto.github.io/discrete-mathematics-open-introduction-id/"",""locale"":""id-ID"",""native_unit_id"":""urn:uuid:7c45b75d-93d7-5cd3-8455-0164181f30aa"",""order_key"":""0091.000003"",""title"":""Pratinjau Bagian"",""unit_id"":""urn:uuid:42700e28-d348-5ec0-8938-08604aca7de7""},""record_type"":""search_document"",""recorded_at"":""2026-08-30T00:00:00Z"",""semantic_key"":""b10:dmoi4:search:urn:uuid:7c45b75d-93d7-5cd3-8455-0164181f30aa""}"
urn:uuid:19bcaeef-80d2-5349-a811-8da65ecc09c3,search_document,"{""dataset_id"":""urn:uuid:6090fc4b-b34d-5cff-8f65-acaa06ddd1fc"",""id"":""urn:uuid:19bcaeef-80d2-5349-a811-8da65ecc09c3"",""normalized_state"":""published"",""owner_authority_id"":""urn:uuid:4dea4d1d-09ba-504e-9fcd-83524281ca97"",""owner_native_state"":""published"",""payload"":{""bounded_search_text"":""pembuktian logika dan struktur diskrit barisan aritmetika subsec arithmetic"",""course_id"":""urn:uuid:8937ae38-2a8f-5cb6-b223-b62da2720974"",""learner_anchor"":null,""learner_url"":""https://kokunoyumeto.github.io/discrete-mathematics-open-introduction-id/"",""locale"":""id-ID"",""native_unit_id"":""urn:uuid:63f1de2a-8925-536e-8ebd-c1c73ffef03a"",""order_key"":""0091.000023"",""title"":""Barisan Aritmetika"",""unit_id"":""urn:uuid:59deb509-3300-5a48-a499-541f1290c16a""},""record_type"":""search_document"",""recorded_at"":""2026-08-30T00:00:00Z"",""semantic_key"":""b10:dmoi4:search:urn:uuid:63f1de2a-8925-536e-8ebd-c1c73ffef03a""}"
urn:uuid:44d19342-d0e8-5f27-b125-9157b794952e,search_document,"{""dataset_id"":""urn:uuid:6090fc4b-b34d-5cff-8f65-acaa06ddd1fc"",""id"":""urn:uuid:44d19342-d0e8-5f27-b125-9157b794952e"",""normalized_state"":""published"",""owner_authority_id"":""urn:uuid:4dea4d1d-09ba-504e-9fcd-83524281ca97"",""owner_native_state"":""published"",""payload"":{""bounded_search_text"":""pembuktian logika dan struktur diskrit barisan geometri subsec geometric sequences"",""course_id"":""urn:uuid:8937ae38-2a8f-5cb6-b223-b62da2720974"",""learner_anchor"":null,""learner_url"":""https://kokunoyumeto.github.io/discrete-mathematics-open-introduction-id/"",""locale"":""id-ID"",""native_unit_id"":""urn:uuid:2165682e-6bfc-57d9-b21d-df415f38ef6d"",""order_key"":""0091.000031"",""title"":""Barisan Geometri"",""unit_id"":""urn:uuid:53f81a86-1444-5fc1-bebc-fb5a478d6ded""},""record_type"":""search_document"",""recorded_at"":""2026-08-30T00:00:00Z"",""semantic_key"":""b10:dmoi4:search:urn:uuid:2165682e-6bfc-57d9-b21d-df415f38ef6d""}"
urn:uuid:6af87ab0-85b2-5877-be47-cc03ff45cb31,search_document,"{""dataset_id"":""urn:uuid:6090fc4b-b34d-5cff-8f65-acaa06ddd1fc"",""id"":""urn:uuid:6af87ab0-85b2-5877-be47-cc03ff45cb31"",""normalized_state"":""published"",""owner_authority_id"":""urn:uuid:4dea4d1d-09ba-504e-9fcd-83524281ca97"",""owner_native_state"":""published"",""payload"":{""bounded_search_text"":""pembuktian logika dan struktur diskrit melampaui barisan aritmetika dan geometri subsec beyond arithmetic and geometric sequences"",""course_id"":""urn:uuid:8937ae38-2a8f-5cb6-b223-b62da2720974"",""learner_anchor"":null,""learner_url"":""https://kokunoyumeto.github.io/discrete-mathematics-open-introduction-id/"",""locale"":""id-ID"",""native_unit_id"":""urn:uuid:484c12d8-d40e-559a-8c96-8a0131755ea3"",""order_key"":""0091.000040"",""title"":""Melampaui Barisan Aritmetika dan Geometri"",""unit_id"":""urn:uuid:bdf3fecc-3f79-51d2-8ae9-e729814b2b4b""},""record_type"":""search_document"",""recorded_at"":""2026-08-30T00:00:00Z"",""semantic_key"":""b10:dmoi4:search:urn:uuid:484c12d8-d40e-559a-8c96-8a0131755ea3""}"
urn:uuid:b64c5bc5-c6ca-5325-962e-b5740d8aaff2,search_document,"{""dataset_id"":""urn:uuid:6090fc4b-b34d-5cff-8f65-acaa06ddd1fc"",""id"":""urn:uuid:b64c5bc5-c6ca-5325-962e-b5740d8aaff2"",""normalized_state"":""published"",""owner_authority_id"":""urn:uuid:4dea4d1d-09ba-504e-9fcd-83524281ca97"",""owner_native_state"":""published"",""payload"":{""bounded_search_text"":""pembuktian logika dan struktur diskrit barisan polinomial sec seq polynomial"",""course_id"":""urn:uuid:8937ae38-2a8f-5cb6-b223-b62da2720974"",""learner_anchor"":null,""learner_url"":""https://kokunoyumeto.github.io/discrete-mathematics-open-introduction-id/"",""locale"":""id-ID"",""native_unit_id"":""urn:uuid:c4d80cc8-36c6-5b2e-a1c2-71ad1af56257"",""order_key"":""0094.000001"",""title"":""Barisan Polinomial"",""unit_id"":""urn:uuid:32ca07e9-52d1-52cf-b7ae-85c925d20fed""},""record_type"":""search_document"",""recorded_at"":""2026-08-30T00:00:00Z"",""semantic_key"":""b10:dmoi4:search:urn:uuid:c4d80cc8-36c6-5b2e-a1c2-71ad1af56257""}"
urn:uuid:2e3aa550-ad9c-5480-ad35-d7560ca756cd,search_document,"{""dataset_id"":""urn:uuid:6090fc4b-b34d-5cff-8f65-acaa06ddd1fc"",""id"":""urn:uuid:2e3aa550-ad9c-5480-ad35-d7560ca756cd"",""normalized_state"":""published"",""owner_authority_id"":""urn:uuid:4dea4d1d-09ba-504e-9fcd-83524281ca97"",""owner_native_state"":""published"",""payload"":{""bounded_search_text"":""pembuktian logika dan struktur diskrit pratinjau bagian"",""course_id"":""urn:uuid:8937ae38-2a8f-5cb6-b223-b62da2720974"",""learner_anchor"":null,""learner_url"":""https://kokunoyumeto.github.io/discrete-mathematics-open-introduction-id/"",""locale"":""id-ID"",""native_unit_id"":""urn:uuid:af7192b1-fad3-5515-a720-202fac07f022"",""order_key"":""0094.000004"",""title"":""Pratinjau Bagian"",""unit_id"":""urn:uuid:ad59b9ba-8883-51fe-886e-56c748b5fe88""},""record_type"":""search_document"",""recorded_at"":""2026-08-30T00:00:00Z"",""semantic_key"":""b10:dmoi4:search:urn:uuid:af7192b1-fad3-5515-a720-202fac07f022""}"
urn:uuid:f850dd6a-5988-5511-adea-62f37c10f856,search_document,"{""dataset_id"":""urn:uuid:6090fc4b-b34d-5cff-8f65-acaa06ddd1fc"",""id"":""urn:uuid:f850dd6a-5988-5511-adea-62f37c10f856"",""normalized_state"":""published"",""owner_authority_id"":""urn:uuid:4dea4d1d-09ba-504e-9fcd-83524281ca97"",""owner_native_state"":""published"",""payload"":{""bounded_search_text"":""pembuktian logika dan struktur diskrit menjumlahkan barisan aritmetika balikkan dan jumlahkan"",""course_id"":""urn:uuid:8937ae38-2a8f-5cb6-b223-b62da2720974"",""learner_anchor"":null,""learner_url"":""https://kokunoyumeto.github.io/discrete-mathematics-open-introduction-id/"",""locale"":""id-ID"",""native_unit_id"":""urn:uuid:38e23eff-f74f-594b-b46e-57c1dc4dd4ad"",""order_key"":""0094.000016"",""title"":""Menjumlahkan Barisan Aritmetika: Balikkan dan Jumlahkan"",""unit_id"":""urn:uuid:bf78ba46-c556-5946-bf01-23391c99fe21""},""record_type"":""search_document"",""recorded_at"":""2026-08-30T00:00:00Z"",""semantic_key"":""b10:dmoi4:search:urn:uuid:38e23eff-f74f-594b-b46e-57c1dc4dd4ad""}"
urn:uuid:6b441a02-49d5-511c-9bc8-8f4e01ad9905,search_document,"{""dataset_id"":""urn:uuid:6090fc4b-b34d-5cff-8f65-acaa06ddd1fc"",""id"":""urn:uuid:6b441a02-49d5-511c-9bc8-8f4e01ad9905"",""normalized_state"":""published"",""owner_authority_id"":""urn:uuid:4dea4d1d-09ba-504e-9fcd-83524281ca97"",""owner_native_state"":""published"",""payload"":{""bounded_search_text"":""pembuktian logika dan struktur diskrit polinomial berderajat lebih tinggi subsec seq higher poly"",""course_id"":""urn:uuid:8937ae38-2a8f-5cb6-b223-b62da2720974"",""learner_anchor"":null,""learner_url"":""https://kokunoyumeto.github.io/discrete-mathematics-open-introduction-id/"",""locale"":""id-ID"",""native_unit_id"":""urn:uuid:c79a88a0-6167-594e-93bd-d70ea0b95fc3"",""order_key"":""0094.000025"",""title"":""Polinomial Berderajat Lebih Tinggi"",""unit_id"":""urn:uuid:4182ae10-0790-591a-8477-a22a70292150""},""record_type"":""search_document"",""recorded_at"":""2026-08-30T00:00:00Z"",""semantic_key"":""b10:dmoi4:search:urn:uuid:c79a88a0-6167-594e-93bd-d70ea0b95fc3""}"
urn:uuid:5f21365d-b5a0-5d9a-a394-a640b652a26c,search_document,"{""dataset_id"":""urn:uuid:6090fc4b-b34d-5cff-8f65-acaa06ddd1fc"",""id"":""urn:uuid:5f21365d-b5a0-5d9a-a394-a640b652a26c"",""normalized_state"":""published"",""owner_authority_id"":""urn:uuid:4dea4d1d-09ba-504e-9fcd-83524281ca97"",""owner_native_state"":""published"",""payload"":{""bounded_search_text"":""pembuktian logika dan struktur diskrit menyelesaikan sistem persamaan dengan teknologi"",""course_id"":""urn:uuid:8937ae38-2a8f-5cb6-b223-b62da2720974"",""learner_anchor"":null,""learner_url"":""https://kokunoyumeto.github.io/discrete-mathematics-open-introduction-id/"",""locale"":""id-ID"",""native_unit_id"":""urn:uuid:327e900a-76bf-5a20-86de-0b69b8f0522a"",""order_key"":""0094.000046"",""title"":""Menyelesaikan Sistem Persamaan dengan Teknologi"",""unit_id"":""urn:uuid:54c5f6a3-aadb-5ace-9eaa-475711e298a7""},""record_type"":""search_document"",""recorded_at"":""2026-08-30T00:00:00Z"",""semantic_key"":""b10:dmoi4:search:urn:uuid:327e900a-76bf-5a20-86de-0b69b8f0522a""}"
urn:uuid:92106c87-6b56-5416-bc75-3ae285784aec,search_document,"{""dataset_id"":""urn:uuid:6090fc4b-b34d-5cff-8f65-acaa06ddd1fc"",""id"":""urn:uuid:92106c87-6b56-5416-bc75-3ae285784aec"",""normalized_state"":""published"",""owner_authority_id"":""urn:uuid:4dea4d1d-09ba-504e-9fcd-83524281ca97"",""owner_native_state"":""published"",""payload"":{""bounded_search_text"":""pembuktian logika dan struktur diskrit barisan eksponensial sec seq exponential"",""course_id"":""urn:uuid:8937ae38-2a8f-5cb6-b223-b62da2720974"",""learner_anchor"":null,""learner_url"":""https://kokunoyumeto.github.io/discrete-mathematics-open-introduction-id/"",""locale"":""id-ID"",""native_unit_id"":""urn:uuid:c4b8c85f-a37a-5743-86ff-d4eb182a9667"",""order_key"":""0098.000001"",""title"":""Barisan Eksponensial"",""unit_id"":""urn:uuid:88e0e0e6-b2b4-59c9-9f48-2b32fae0f2c3""},""record_type"":""search_document"",""recorded_at"":""2026-08-30T00:00:00Z"",""semantic_key"":""b10:dmoi4:search:urn:uuid:c4b8c85f-a37a-5743-86ff-d4eb182a9667""}"
urn:uuid:a7326aad-3c48-5cb4-9ce5-419fc12db854,search_document,"{""dataset_id"":""urn:uuid:6090fc4b-b34d-5cff-8f65-acaa06ddd1fc"",""id"":""urn:uuid:a7326aad-3c48-5cb4-9ce5-419fc12db854"",""normalized_state"":""published"",""owner_authority_id"":""urn:uuid:4dea4d1d-09ba-504e-9fcd-83524281ca97"",""owner_native_state"":""published"",""payload"":{""bounded_search_text"":""pembuktian logika dan struktur diskrit pratinjau bagian"",""course_id"":""urn:uuid:8937ae38-2a8f-5cb6-b223-b62da2720974"",""learner_anchor"":null,""learner_url"":""https://kokunoyumeto.github.io/discrete-mathematics-open-introduction-id/"",""locale"":""id-ID"",""native_unit_id"":""urn:uuid:8b921663-895a-58ba-a836-1e32ad9795a5"",""order_key"":""0098.000004"",""title"":""Pratinjau Bagian"",""unit_id"":""urn:uuid:f17f6dd3-3587-5e90-87d4-077067c35f55""},""record_type"":""search_document"",""recorded_at"":""2026-08-30T00:00:00Z"",""semantic_key"":""b10:dmoi4:search:urn:uuid:8b921663-895a-58ba-a836-1e32ad9795a5""}"
urn:uuid:598e3649-ef2d-58d0-a7d5-61d134c54c74,search_document,"{""dataset_id"":""urn:uuid:6090fc4b-b34d-5cff-8f65-acaa06ddd1fc"",""id"":""urn:uuid:598e3649-ef2d-58d0-a7d5-61d134c54c74"",""normalized_state"":""published"",""owner_authority_id"":""urn:uuid:4dea4d1d-09ba-504e-9fcd-83524281ca97"",""owner_native_state"":""published"",""payload"":{""bounded_search_text"":""pembuktian logika dan struktur diskrit menjumlahkan barisan geometri kalikan geser dan kurangkan subsec sum geometric"",""course_id"":""urn:uuid:8937ae38-2a8f-5cb6-b223-b62da2720974"",""learner_anchor"":null,""learner_url"":""https://kokunoyumeto.github.io/discrete-mathematics-open-introduction-id/"",""locale"":""id-ID"",""native_unit_id"":""urn:uuid:52208520-fa97-5ae6-832e-64fc5f08e4e0"",""order_key"":""0098.000018"",""title"":""Menjumlahkan Barisan Geometri: Kalikan, Geser, dan Kurangkan"",""unit_id"":""urn:uuid:cb4e1bf3-4c66-5a48-ac3d-47404af42f06""},""record_type"":""search_document"",""recorded_at"":""2026-08-30T00:00:00Z"",""semantic_key"":""b10:dmoi4:search:urn:uuid:52208520-fa97-5ae6-832e-64fc5f08e4e0""}"
urn:uuid:cc6159d2-a414-5068-8b10-dd1b4c9fd8c7,search_document,"{""dataset_id"":""urn:uuid:6090fc4b-b34d-5cff-8f65-acaa06ddd1fc"",""id"":""urn:uuid:cc6159d2-a414-5068-8b10-dd1b4c9fd8c7"",""normalized_state"":""published"",""owner_authority_id"":""urn:uuid:4dea4d1d-09ba-504e-9fcd-83524281ca97"",""owner_native_state"":""published"",""payload"":{""bounded_search_text"":""pembuktian logika dan struktur diskrit teknik akar karakteristik"",""course_id"":""urn:uuid:8937ae38-2a8f-5cb6-b223-b62da2720974"",""learner_anchor"":null,""learner_url"":""https://kokunoyumeto.github.io/discrete-mathematics-open-introduction-id/"",""locale"":""id-ID"",""native_unit_id"":""urn:uuid:ecf87d52-bcf3-503b-bc27-2c1e4a1c641c"",""order_key"":""0098.000026"",""title"":""Teknik Akar Karakteristik"",""unit_id"":""urn:uuid:72936f9b-39d3-5ccd-80de-406ad1c7d7f2""},""record_type"":""search_document"",""recorded_at"":""2026-08-30T00:00:00Z"",""semantic_key"":""b10:dmoi4:search:urn:uuid:ecf87d52-bcf3-503b-bc27-2c1e4a1c641c""}"
urn:uuid:aa6c3320-9287-5ff2-9691-bc9d546dae48,search_document,"{""dataset_id"":""urn:uuid:6090fc4b-b34d-5cff-8f65-acaa06ddd1fc"",""id"":""urn:uuid:aa6c3320-9287-5ff2-9691-bc9d546dae48"",""normalized_state"":""published"",""owner_authority_id"":""urn:uuid:4dea4d1d-09ba-504e-9fcd-83524281ca97"",""owner_native_state"":""published"",""payload"":{""bounded_search_text"":""pembuktian logika dan struktur diskrit pembuktian dengan induksi sec seq induction"",""course_id"":""urn:uuid:8937ae38-2a8f-5cb6-b223-b62da2720974"",""learner_anchor"":null,""learner_url"":""https://kokunoyumeto.github.io/discrete-mathematics-open-introduction-id/"",""locale"":""id-ID"",""native_unit_id"":""urn:uuid:9fea6a45-c264-51df-9a22-1ffd3e4261c7"",""order_key"":""0101.000001"",""title"":""Pembuktian dengan Induksi"",""unit_id"":""urn:uuid:949bee0d-f57f-5501-855b-92b8f8032b07""},""record_type"":""search_document"",""recorded_at"":""2026-08-30T00:00:00Z"",""semantic_key"":""b10:dmoi4:search:urn:uuid:9fea6a45-c264-51df-9a22-1ffd3e4261c7""}"
urn:uuid:09f3b955-c4fa-5982-84b3-ccbbe0052529,search_document,"{""dataset_id"":""urn:uuid:6090fc4b-b34d-5cff-8f65-acaa06ddd1fc"",""id"":""urn:uuid:09f3b955-c4fa-5982-84b3-ccbbe0052529"",""normalized_state"":""published"",""owner_authority_id"":""urn:uuid:4dea4d1d-09ba-504e-9fcd-83524281ca97"",""owner_native_state"":""published"",""payload"":{""bounded_search_text"":""pembuktian logika dan struktur diskrit pratinjau bagian subsec induction preview"",""course_id"":""urn:uuid:8937ae38-2a8f-5cb6-b223-b62da2720974"",""learner_anchor"":null,""learner_url"":""https://kokunoyumeto.github.io/discrete-mathematics-open-introduction-id/"",""locale"":""id-ID"",""native_unit_id"":""urn:uuid:1b38c2d8-c4eb-5c0e-aaea-0c49a6aef79f"",""order_key"":""0101.000006"",""title"":""Pratinjau Bagian"",""unit_id"":""urn:uuid:9a19d021-9a7f-55e9-aa22-5de568308f68""},""record_type"":""search_document"",""recorded_at"":""2026-08-30T00:00:00Z"",""semantic_key"":""b10:dmoi4:search:urn:uuid:1b38c2d8-c4eb-5c0e-aaea-0c49a6aef79f""}"
urn:uuid:2af43414-c32b-5f4f-8c85-cad5b084ba18,search_document,"{""dataset_id"":""urn:uuid:6090fc4b-b34d-5cff-8f65-acaa06ddd1fc"",""id"":""urn:uuid:2af43414-c32b-5f4f-8c85-cad5b084ba18"",""normalized_state"":""published"",""owner_authority_id"":""urn:uuid:4dea4d1d-09ba-504e-9fcd-83524281ca97"",""owner_native_state"":""published"",""payload"":{""bounded_search_text"":""pembuktian logika dan struktur diskrit penalaran rekursif subsec induction recursion"",""course_id"":""urn:uuid:8937ae38-2a8f-5cb6-b223-b62da2720974"",""learner_anchor"":null,""learner_url"":""https://kokunoyumeto.github.io/discrete-mathematics-open-introduction-id/"",""locale"":""id-ID"",""native_unit_id"":""urn:uuid:57a07873-f2f8-52b3-87b1-56d1a99f5593"",""order_key"":""0101.000016"",""title"":""Penalaran Rekursif"",""unit_id"":""urn:uuid:1a524289-c49a-524b-b89c-59e76e7f03a2""},""record_type"":""search_document"",""recorded_at"":""2026-08-30T00:00:00Z"",""semantic_key"":""b10:dmoi4:search:urn:uuid:57a07873-f2f8-52b3-87b1-56d1a99f5593""}"
urn:uuid:4f7dcaa2-11f5-545c-9222-2fd3f8f469f3,search_document,"{""dataset_id"":""urn:uuid:6090fc4b-b34d-5cff-8f65-acaa06ddd1fc"",""id"":""urn:uuid:4f7dcaa2-11f5-545c-9222-2fd3f8f469f3"",""normalized_state"":""published"",""owner_authority_id"":""urn:uuid:4dea4d1d-09ba-504e-9fcd-83524281ca97"",""owner_native_state"":""published"",""payload"":{""bounded_search_text"":""pembuktian logika dan struktur diskrit memformalkan pembuktian subsec induction formproofs"",""course_id"":""urn:uuid:8937ae38-2a8f-5cb6-b223-b62da2720974"",""learner_anchor"":null,""learner_url"":""https://kokunoyumeto.github.io/discrete-mathematics-open-introduction-id/"",""locale"":""id-ID"",""native_unit_id"":""urn:uuid:340f2fcb-0843-52a2-bc90-f8c2fc6d48ba"",""order_key"":""0101.000018"",""title"":""Memformalkan Pembuktian"",""unit_id"":""urn:uuid:fa91fc61-bb2e-53eb-9936-1269ece4f99f""},""record_type"":""search_document"",""recorded_at"":""2026-08-30T00:00:00Z"",""semantic_key"":""b10:dmoi4:search:urn:uuid:340f2fcb-0843-52a2-bc90-f8c2fc6d48ba""}"
urn:uuid:59c973f6-5589-56bf-8748-a5226c1b26d7,search_document,"{""dataset_id"":""urn:uuid:6090fc4b-b34d-5cff-8f65-acaa06ddd1fc"",""id"":""urn:uuid:59c973f6-5589-56bf-8748-a5226c1b26d7"",""normalized_state"":""published"",""owner_authority_id"":""urn:uuid:4dea4d1d-09ba-504e-9fcd-83524281ca97"",""owner_native_state"":""published"",""payload"":{""bounded_search_text"":""pembuktian logika dan struktur diskrit contoh subsec induction examples"",""course_id"":""urn:uuid:8937ae38-2a8f-5cb6-b223-b62da2720974"",""learner_anchor"":null,""learner_url"":""https://kokunoyumeto.github.io/discrete-mathematics-open-introduction-id/"",""locale"":""id-ID"",""native_unit_id"":""urn:uuid:458b3f97-c3e8-5f46-af3f-d5236a5bf25d"",""order_key"":""0101.000030"",""title"":""Contoh"",""unit_id"":""urn:uuid:3674f341-89c9-5b36-ab8e-831428ce1975""},""record_type"":""search_document"",""recorded_at"":""2026-08-30T00:00:00Z"",""semantic_key"":""b10:dmoi4:search:urn:uuid:458b3f97-c3e8-5f46-af3f-d5236a5bf25d""}"
urn:uuid:29d37079-db76-5557-86c5-9185dcef92e9,search_document,"{""dataset_id"":""urn:uuid:6090fc4b-b34d-5cff-8f65-acaa06ddd1fc"",""id"":""urn:uuid:29d37079-db76-5557-86c5-9185dcef92e9"",""normalized_state"":""published"",""owner_authority_id"":""urn:uuid:4dea4d1d-09ba-504e-9fcd-83524281ca97"",""owner_native_state"":""published"",""payload"":{""bounded_search_text"":""pembuktian logika dan struktur diskrit induksi kuat sec seq strong induction"",""course_id"":""urn:uuid:8937ae38-2a8f-5cb6-b223-b62da2720974"",""learner_anchor"":null,""learner_url"":""https://kokunoyumeto.github.io/discrete-mathematics-open-introduction-id/"",""locale"":""id-ID"",""native_unit_id"":""urn:uuid:437bf5cc-9af0-566c-96b2-5266a23e7307"",""order_key"":""0104.000001"",""title"":""Induksi Kuat"",""unit_id"":""urn:uuid:d110106c-0269-55e4-bc9c-bb6ab37561a4""},""record_type"":""search_document"",""recorded_at"":""2026-08-30T00:00:00Z"",""semantic_key"":""b10:dmoi4:search:urn:uuid:437bf5cc-9af0-566c-96b2-5266a23e7307""}"
urn:uuid:15e1aeb4-b6e9-5757-b722-40472b844cb7,search_document,"{""dataset_id"":""urn:uuid:6090fc4b-b34d-5cff-8f65-acaa06ddd1fc"",""id"":""urn:uuid:15e1aeb4-b6e9-5757-b722-40472b844cb7"",""normalized_state"":""published"",""owner_authority_id"":""urn:uuid:4dea4d1d-09ba-504e-9fcd-83524281ca97"",""owner_native_state"":""published"",""payload"":{""bounded_search_text"":""pembuktian logika dan struktur diskrit pratinjau bagian subsec going farther back"",""course_id"":""urn:uuid:8937ae38-2a8f-5cb6-b223-b62da2720974"",""learner_anchor"":null,""learner_url"":""https://kokunoyumeto.github.io/discrete-mathematics-open-introduction-id/"",""locale"":""id-ID"",""native_unit_id"":""urn:uuid:b4130979-7127-5b3d-814a-458c5030a423"",""order_key"":""0104.000005"",""title"":""Pratinjau Bagian"",""unit_id"":""urn:uuid:a0c9f1a7-e336-5576-a2da-faa12dc67f1e""},""record_type"":""search_document"",""recorded_at"":""2026-08-30T00:00:00Z"",""semantic_key"":""b10:dmoi4:search:urn:uuid:b4130979-7127-5b3d-814a-458c5030a423""}"
urn:uuid:3bc0adaa-9b0a-5468-acc4-ba6add434d08,search_document,"{""dataset_id"":""urn:uuid:6090fc4b-b34d-5cff-8f65-acaa06ddd1fc"",""id"":""urn:uuid:3bc0adaa-9b0a-5468-acc4-ba6add434d08"",""normalized_state"":""published"",""owner_authority_id"":""urn:uuid:4dea4d1d-09ba-504e-9fcd-83524281ca97"",""owner_native_state"":""published"",""payload"":{""bounded_search_text"":""pembuktian logika dan struktur diskrit bagi dan taklukkan"",""course_id"":""urn:uuid:8937ae38-2a8f-5cb6-b223-b62da2720974"",""learner_anchor"":null,""learner_url"":""https://kokunoyumeto.github.io/discrete-mathematics-open-introduction-id/"",""locale"":""id-ID"",""native_unit_id"":""urn:uuid:269955d5-3ef0-5729-b2c1-c1b4e816b3a5"",""order_key"":""0104.000019"",""title"":""Bagi dan Taklukkan"",""unit_id"":""urn:uuid:4e1276f8-e35a-5d93-9a8f-0a0e758bd66e""},""record_type"":""search_document"",""recorded_at"":""2026-08-30T00:00:00Z"",""semantic_key"":""b10:dmoi4:search:urn:uuid:269955d5-3ef0-5729-b2c1-c1b4e816b3a5""}"
urn:uuid:89c09d3b-6869-5875-9bee-470b176f65e0,search_document,"{""dataset_id"":""urn:uuid:6090fc4b-b34d-5cff-8f65-acaa06ddd1fc"",""id"":""urn:uuid:89c09d3b-6869-5875-9bee-470b176f65e0"",""normalized_state"":""published"",""owner_authority_id"":""urn:uuid:4dea4d1d-09ba-504e-9fcd-83524281ca97"",""owner_native_state"":""published"",""payload"":{""bounded_search_text"":""pembuktian logika dan struktur diskrit ringkasan bab sec sequences conc"",""course_id"":""urn:uuid:8937ae38-2a8f-5cb6-b223-b62da2720974"",""learner_anchor"":null,""learner_url"":""https://kokunoyumeto.github.io/discrete-mathematics-open-introduction-id/"",""locale"":""id-ID"",""native_unit_id"":""urn:uuid:4f60a63b-8d54-5af2-8cb5-1f69dafcb3d6"",""order_key"":""0107.000001"",""title"":""Ringkasan Bab"",""unit_id"":""urn:uuid:84afaf04-92d3-5a91-84ff-1108bedf0281""},""record_type"":""search_document"",""recorded_at"":""2026-08-30T00:00:00Z"",""semantic_key"":""b10:dmoi4:search:urn:uuid:4f60a63b-8d54-5af2-8cb5-1f69dafcb3d6""}"
urn:uuid:f8e5ed98-7dc4-52dc-92d3-8db285fe0884,search_document,"{""dataset_id"":""urn:uuid:6090fc4b-b34d-5cff-8f65-acaa06ddd1fc"",""id"":""urn:uuid:f8e5ed98-7dc4-52dc-92d3-8db285fe0884"",""normalized_state"":""published"",""owner_authority_id"":""urn:uuid:4dea4d1d-09ba-504e-9fcd-83524281ca97"",""owner_native_state"":""published"",""payload"":{""bounded_search_text"":""pembuktian logika dan struktur diskrit meninjau kembali struktur diskret ch structures"",""course_id"":""urn:uuid:8937ae38-2a8f-5cb6-b223-b62da2720974"",""learner_anchor"":null,""learner_url"":""https://kokunoyumeto.github.io/discrete-mathematics-open-introduction-id/"",""locale"":""id-ID"",""native_unit_id"":""urn:uuid:e48b3022-7279-57f3-b2bb-a71083700a46"",""order_key"":""0109.000001"",""title"":""Meninjau Kembali Struktur Diskret"",""unit_id"":""urn:uuid:6b0bee20-5223-5e8a-8522-f3a948d654e6""},""record_type"":""search_document"",""recorded_at"":""2026-08-30T00:00:00Z"",""semantic_key"":""b10:dmoi4:search:urn:uuid:e48b3022-7279-57f3-b2bb-a71083700a46""}"
urn:uuid:a8b974b2-3ed0-528a-ba67-8daab2fe0a11,search_document,"{""dataset_id"":""urn:uuid:6090fc4b-b34d-5cff-8f65-acaa06ddd1fc"",""id"":""urn:uuid:a8b974b2-3ed0-528a-ba67-8daab2fe0a11"",""normalized_state"":""published"",""owner_authority_id"":""urn:uuid:4dea4d1d-09ba-504e-9fcd-83524281ca97"",""owner_native_state"":""published"",""payload"":{""bounded_search_text"":""pembuktian logika dan struktur diskrit himpunan sec structures sets"",""course_id"":""urn:uuid:8937ae38-2a8f-5cb6-b223-b62da2720974"",""learner_anchor"":null,""learner_url"":""https://kokunoyumeto.github.io/discrete-mathematics-open-introduction-id/"",""locale"":""id-ID"",""native_unit_id"":""urn:uuid:d7897d8e-0878-5129-bbd8-2bff162600a0"",""order_key"":""0110.000001"",""title"":""Himpunan"",""unit_id"":""urn:uuid:c109d48c-5e73-52e1-915a-429e4657135a""},""record_type"":""search_document"",""recorded_at"":""2026-08-30T00:00:00Z"",""semantic_key"":""b10:dmoi4:search:urn:uuid:d7897d8e-0878-5129-bbd8-2bff162600a0""}"
urn:uuid:42a59aed-5282-5761-a112-3d1483b7afa4,search_document,"{""dataset_id"":""urn:uuid:6090fc4b-b34d-5cff-8f65-acaa06ddd1fc"",""id"":""urn:uuid:42a59aed-5282-5761-a112-3d1483b7afa4"",""normalized_state"":""published"",""owner_authority_id"":""urn:uuid:4dea4d1d-09ba-504e-9fcd-83524281ca97"",""owner_native_state"":""published"",""payload"":{""bounded_search_text"":""pembuktian logika dan struktur diskrit notasi subsec notation"",""course_id"":""urn:uuid:8937ae38-2a8f-5cb6-b223-b62da2720974"",""learner_anchor"":null,""learner_url"":""https://kokunoyumeto.github.io/discrete-mathematics-open-introduction-id/"",""locale"":""id-ID"",""native_unit_id"":""urn:uuid:2d15eeb0-b3c1-560e-b10a-b29eb74d5e60"",""order_key"":""0110.000004"",""title"":""Notasi"",""unit_id"":""urn:uuid:f15c5f39-0d3e-523a-9da1-3f1fb9c1a516""},""record_type"":""search_document"",""recorded_at"":""2026-08-30T00:00:00Z"",""semantic_key"":""b10:dmoi4:search:urn:uuid:2d15eeb0-b3c1-560e-b10a-b29eb74d5e60""}"
urn:uuid:14f8f843-ec03-5098-955c-fd442bb5b2b2,search_document,"{""dataset_id"":""urn:uuid:6090fc4b-b34d-5cff-8f65-acaa06ddd1fc"",""id"":""urn:uuid:14f8f843-ec03-5098-955c-fd442bb5b2b2"",""normalized_state"":""published"",""owner_authority_id"":""urn:uuid:4dea4d1d-09ba-504e-9fcd-83524281ca97"",""owner_native_state"":""published"",""payload"":{""bounded_search_text"":""pembuktian logika dan struktur diskrit hubungan antarhimpunan"",""course_id"":""urn:uuid:8937ae38-2a8f-5cb6-b223-b62da2720974"",""learner_anchor"":null,""learner_url"":""https://kokunoyumeto.github.io/discrete-mathematics-open-introduction-id/"",""locale"":""id-ID"",""native_unit_id"":""urn:uuid:49cbf686-a78a-57d6-8518-7f4367bfdffa"",""order_key"":""0110.000042"",""title"":""Hubungan Antarhimpunan"",""unit_id"":""urn:uuid:0218c651-a707-51a4-887a-126e7a19bc86""},""record_type"":""search_document"",""recorded_at"":""2026-08-30T00:00:00Z"",""semantic_key"":""b10:dmoi4:search:urn:uuid:49cbf686-a78a-57d6-8518-7f4367bfdffa""}"
urn:uuid:20318e94-5f07-5460-a180-f6248265a820,search_document,"{""dataset_id"":""urn:uuid:6090fc4b-b34d-5cff-8f65-acaa06ddd1fc"",""id"":""urn:uuid:20318e94-5f07-5460-a180-f6248265a820"",""normalized_state"":""published"",""owner_authority_id"":""urn:uuid:4dea4d1d-09ba-504e-9fcd-83524281ca97"",""owner_native_state"":""published"",""payload"":{""bounded_search_text"":""pembuktian logika dan struktur diskrit operasi pada himpunan"",""course_id"":""urn:uuid:8937ae38-2a8f-5cb6-b223-b62da2720974"",""learner_anchor"":null,""learner_url"":""https://kokunoyumeto.github.io/discrete-mathematics-open-introduction-id/"",""locale"":""id-ID"",""native_unit_id"":""urn:uuid:6e1f8158-d481-5e62-b699-56d17d4cf395"",""order_key"":""0110.000055"",""title"":""Operasi pada Himpunan"",""unit_id"":""urn:uuid:ca8f5fd2-f271-5d64-9844-f1fc62442fcf""},""record_type"":""search_document"",""recorded_at"":""2026-08-30T00:00:00Z"",""semantic_key"":""b10:dmoi4:search:urn:uuid:6e1f8158-d481-5e62-b699-56d17d4cf395""}"
urn:uuid:1ccd7ef3-6676-5112-b5a8-f74e2613b040,search_document,"{""dataset_id"":""urn:uuid:6090fc4b-b34d-5cff-8f65-acaa06ddd1fc"",""id"":""urn:uuid:1ccd7ef3-6676-5112-b5a8-f74e2613b040"",""normalized_state"":""published"",""owner_authority_id"":""urn:uuid:4dea4d1d-09ba-504e-9fcd-83524281ca97"",""owner_native_state"":""published"",""payload"":{""bounded_search_text"":""pembuktian logika dan struktur diskrit diagram venn"",""course_id"":""urn:uuid:8937ae38-2a8f-5cb6-b223-b62da2720974"",""learner_anchor"":null,""learner_url"":""https://kokunoyumeto.github.io/discrete-mathematics-open-introduction-id/"",""locale"":""id-ID"",""native_unit_id"":""urn:uuid:ac4eddfd-4b0f-5fdf-93c9-357b6c8a0612"",""order_key"":""0110.000070"",""title"":""Diagram Venn"",""unit_id"":""urn:uuid:21bb5b69-edf9-5e73-9ea8-95f1e098caa0""},""record_type"":""search_document"",""recorded_at"":""2026-08-30T00:00:00Z"",""semantic_key"":""b10:dmoi4:search:urn:uuid:ac4eddfd-4b0f-5fdf-93c9-357b6c8a0612""}"
urn:uuid:157c480f-81c3-5f6f-8d8e-8a1e703102b4,search_document,"{""dataset_id"":""urn:uuid:6090fc4b-b34d-5cff-8f65-acaa06ddd1fc"",""id"":""urn:uuid:157c480f-81c3-5f6f-8d8e-8a1e703102b4"",""normalized_state"":""published"",""owner_authority_id"":""urn:uuid:4dea4d1d-09ba-504e-9fcd-83524281ca97"",""owner_native_state"":""published"",""payload"":{""bounded_search_text"":""pembuktian logika dan struktur diskrit fungsi sec structures functions"",""course_id"":""urn:uuid:8937ae38-2a8f-5cb6-b223-b62da2720974"",""learner_anchor"":null,""learner_url"":""https://kokunoyumeto.github.io/discrete-mathematics-open-introduction-id/"",""locale"":""id-ID"",""native_unit_id"":""urn:uuid:bfe1ccde-4c5d-5d30-98d7-8d594bf6b2df"",""order_key"":""0112.000001"",""title"":""Fungsi"",""unit_id"":""urn:uuid:dc683ade-6a48-5a25-b0cc-c1d5dca5e2db""},""record_type"":""search_document"",""recorded_at"":""2026-08-30T00:00:00Z"",""semantic_key"":""b10:dmoi4:search:urn:uuid:bfe1ccde-4c5d-5d30-98d7-8d594bf6b2df""}"
urn:uuid:01e030dc-a7b2-5269-aea3-2a7355007ff9,search_document,"{""dataset_id"":""urn:uuid:6090fc4b-b34d-5cff-8f65-acaa06ddd1fc"",""id"":""urn:uuid:01e030dc-a7b2-5269-aea3-2a7355007ff9"",""normalized_state"":""published"",""owner_authority_id"":""urn:uuid:4dea4d1d-09ba-504e-9fcd-83524281ca97"",""owner_native_state"":""published"",""payload"":{""bounded_search_text"":""pembuktian logika dan struktur diskrit mendeskripsikan fungsi"",""course_id"":""urn:uuid:8937ae38-2a8f-5cb6-b223-b62da2720974"",""learner_anchor"":null,""learner_url"":""https://kokunoyumeto.github.io/discrete-mathematics-open-introduction-id/"",""locale"":""id-ID"",""native_unit_id"":""urn:uuid:cb7fffa2-e8fc-568e-af2d-df95b11e9251"",""order_key"":""0112.000009"",""title"":""Mendeskripsikan Fungsi"",""unit_id"":""urn:uuid:17d02238-fa55-5b4e-8020-8f9a9f258d43""},""record_type"":""search_document"",""recorded_at"":""2026-08-30T00:00:00Z"",""semantic_key"":""b10:dmoi4:search:urn:uuid:cb7fffa2-e8fc-568e-af2d-df95b11e9251""}"
urn:uuid:51b1276b-079c-588b-9f12-cbfa8c6dc696,search_document,"{""dataset_id"":""urn:uuid:6090fc4b-b34d-5cff-8f65-acaa06ddd1fc"",""id"":""urn:uuid:51b1276b-079c-588b-9f12-cbfa8c6dc696"",""normalized_state"":""published"",""owner_authority_id"":""urn:uuid:4dea4d1d-09ba-504e-9fcd-83524281ca97"",""owner_native_state"":""published"",""payload"":{""bounded_search_text"":""pembuktian logika dan struktur diskrit surjeksi injeksi dan bijeksi subsec surj inj bij"",""course_id"":""urn:uuid:8937ae38-2a8f-5cb6-b223-b62da2720974"",""learner_anchor"":null,""learner_url"":""https://kokunoyumeto.github.io/discrete-mathematics-open-introduction-id/"",""locale"":""id-ID"",""native_unit_id"":""urn:uuid:59d6f92e-28e5-5920-a8a1-e4f925570072"",""order_key"":""0112.000026"",""title"":""Surjeksi, Injeksi, dan Bijeksi"",""unit_id"":""urn:uuid:4a2f67bf-b869-5240-93da-0bd24b1488b5""},""record_type"":""search_document"",""recorded_at"":""2026-08-30T00:00:00Z"",""semantic_key"":""b10:dmoi4:search:urn:uuid:59d6f92e-28e5-5920-a8a1-e4f925570072""}"
urn:uuid:206602c5-1efb-5cd9-b1c2-0cc3ac173141,search_document,"{""dataset_id"":""urn:uuid:6090fc4b-b34d-5cff-8f65-acaa06ddd1fc"",""id"":""urn:uuid:206602c5-1efb-5cd9-b1c2-0cc3ac173141"",""normalized_state"":""published"",""owner_authority_id"":""urn:uuid:4dea4d1d-09ba-504e-9fcd-83524281ca97"",""owner_native_state"":""published"",""payload"":{""bounded_search_text"":""pembuktian logika dan struktur diskrit citra dan citra invers"",""course_id"":""urn:uuid:8937ae38-2a8f-5cb6-b223-b62da2720974"",""learner_anchor"":null,""learner_url"":""https://kokunoyumeto.github.io/discrete-mathematics-open-introduction-id/"",""locale"":""id-ID"",""native_unit_id"":""urn:uuid:55b5e781-becc-5d2f-9147-127125e479e3"",""order_key"":""0112.000040"",""title"":""Citra dan Citra Invers"",""unit_id"":""urn:uuid:f8eeab59-8e60-53fd-a099-48e78e0fc2a1""},""record_type"":""search_document"",""recorded_at"":""2026-08-30T00:00:00Z"",""semantic_key"":""b10:dmoi4:search:urn:uuid:55b5e781-becc-5d2f-9147-127125e479e3""}"
urn:uuid:710f9e91-4eb6-51e8-8de4-097583deb153,search_document,"{""dataset_id"":""urn:uuid:6090fc4b-b34d-5cff-8f65-acaa06ddd1fc"",""id"":""urn:uuid:710f9e91-4eb6-51e8-8de4-097583deb153"",""normalized_state"":""published"",""owner_authority_id"":""urn:uuid:4dea4d1d-09ba-504e-9fcd-83524281ca97"",""owner_native_state"":""published"",""payload"":{""bounded_search_text"":""pembuktian logika dan struktur diskrit topik tambahan ch additionaltopics"",""course_id"":""urn:uuid:8937ae38-2a8f-5cb6-b223-b62da2720974"",""learner_anchor"":null,""learner_url"":""https://kokunoyumeto.github.io/discrete-mathematics-open-introduction-id/"",""locale"":""id-ID"",""native_unit_id"":""urn:uuid:2e8b7711-9a29-5b65-877e-44177be0caa3"",""order_key"":""0114.000001"",""title"":""Topik Tambahan"",""unit_id"":""urn:uuid:ee97710a-db14-5896-b26b-96816248d158""},""record_type"":""search_document"",""recorded_at"":""2026-08-30T00:00:00Z"",""semantic_key"":""b10:dmoi4:search:urn:uuid:2e8b7711-9a29-5b65-877e-44177be0caa3""}"
urn:uuid:26ea1c9f-f39d-5461-8950-81ba3ddefd40,search_document,"{""dataset_id"":""urn:uuid:6090fc4b-b34d-5cff-8f65-acaa06ddd1fc"",""id"":""urn:uuid:26ea1c9f-f39d-5461-8950-81ba3ddefd40"",""normalized_state"":""published"",""owner_authority_id"":""urn:uuid:4dea4d1d-09ba-504e-9fcd-83524281ca97"",""owner_native_state"":""published"",""payload"":{""bounded_search_text"":""pembuktian logika dan struktur diskrit fungsi pembangkit sec addtops genfun"",""course_id"":""urn:uuid:8937ae38-2a8f-5cb6-b223-b62da2720974"",""learner_anchor"":null,""learner_url"":""https://kokunoyumeto.github.io/discrete-mathematics-open-introduction-id/"",""locale"":""id-ID"",""native_unit_id"":""urn:uuid:80291bb6-7cae-5206-9598-3e72118fe953"",""order_key"":""0115.000001"",""title"":""Fungsi Pembangkit"",""unit_id"":""urn:uuid:a079177b-7456-507d-8721-fdcffd80266c""},""record_type"":""search_document"",""recorded_at"":""2026-08-30T00:00:00Z"",""semantic_key"":""b10:dmoi4:search:urn:uuid:80291bb6-7cae-5206-9598-3e72118fe953""}"
urn:uuid:8cd8a15c-857a-57e0-bf2f-7587e5712fb2,search_document,"{""dataset_id"":""urn:uuid:6090fc4b-b34d-5cff-8f65-acaa06ddd1fc"",""id"":""urn:uuid:8cd8a15c-857a-57e0-bf2f-7587e5712fb2"",""normalized_state"":""published"",""owner_authority_id"":""urn:uuid:4dea4d1d-09ba-504e-9fcd-83524281ca97"",""owner_native_state"":""published"",""payload"":{""bounded_search_text"":""pembuktian logika dan struktur diskrit menyusun fungsi pembangkit"",""course_id"":""urn:uuid:8937ae38-2a8f-5cb6-b223-b62da2720974"",""learner_anchor"":null,""learner_url"":""https://kokunoyumeto.github.io/discrete-mathematics-open-introduction-id/"",""locale"":""id-ID"",""native_unit_id"":""urn:uuid:1403aaf9-1256-5e6a-a7a4-ca40e3994cd6"",""order_key"":""0115.000005"",""title"":""Menyusun Fungsi Pembangkit"",""unit_id"":""urn:uuid:7313fc36-7c13-59b0-b260-a3f2604d5526""},""record_type"":""search_document"",""recorded_at"":""2026-08-30T00:00:00Z"",""semantic_key"":""b10:dmoi4:search:urn:uuid:1403aaf9-1256-5e6a-a7a4-ca40e3994cd6""}"
urn:uuid:58c6755c-d632-52bc-b1c0-2c32be361151,search_document,"{""dataset_id"":""urn:uuid:6090fc4b-b34d-5cff-8f65-acaa06ddd1fc"",""id"":""urn:uuid:58c6755c-d632-52bc-b1c0-2c32be361151"",""normalized_state"":""published"",""owner_authority_id"":""urn:uuid:4dea4d1d-09ba-504e-9fcd-83524281ca97"",""owner_native_state"":""published"",""payload"":{""bounded_search_text"":""pembuktian logika dan struktur diskrit pengambilan selisih"",""course_id"":""urn:uuid:8937ae38-2a8f-5cb6-b223-b62da2720974"",""learner_anchor"":null,""learner_url"":""https://kokunoyumeto.github.io/discrete-mathematics-open-introduction-id/"",""locale"":""id-ID"",""native_unit_id"":""urn:uuid:354add4f-76f2-5559-b828-f07e1eb44de5"",""order_key"":""0115.000008"",""title"":""Pengambilan Selisih"",""unit_id"":""urn:uuid:6f8d846f-393d-5d03-a38c-7d960b166a88""},""record_type"":""search_document"",""recorded_at"":""2026-08-30T00:00:00Z"",""semantic_key"":""b10:dmoi4:search:urn:uuid:354add4f-76f2-5559-b828-f07e1eb44de5""}"
urn:uuid:3a6444be-68a2-5e2d-a278-96465d6a6a3c,search_document,"{""dataset_id"":""urn:uuid:6090fc4b-b34d-5cff-8f65-acaa06ddd1fc"",""id"":""urn:uuid:3a6444be-68a2-5e2d-a278-96465d6a6a3c"",""normalized_state"":""published"",""owner_authority_id"":""urn:uuid:4dea4d1d-09ba-504e-9fcd-83524281ca97"",""owner_native_state"":""published"",""payload"":{""bounded_search_text"":""pembuktian logika dan struktur diskrit perkalian dan jumlah parsial"",""course_id"":""urn:uuid:8937ae38-2a8f-5cb6-b223-b62da2720974"",""learner_anchor"":null,""learner_url"":""https://kokunoyumeto.github.io/discrete-mathematics-open-introduction-id/"",""locale"":""id-ID"",""native_unit_id"":""urn:uuid:353b17ab-3e31-5ccb-8bcd-69d624fcb4e3"",""order_key"":""0115.000016"",""title"":""Perkalian dan Jumlah Parsial"",""unit_id"":""urn:uuid:1b299e56-2f72-56d6-8993-a7731c9a8893""},""record_type"":""search_document"",""recorded_at"":""2026-08-30T00:00:00Z"",""semantic_key"":""b10:dmoi4:search:urn:uuid:353b17ab-3e31-5ccb-8bcd-69d624fcb4e3""}"
urn:uuid:22923ef8-ade3-539b-9cdf-a8ab6b2359b5,search_document,"{""dataset_id"":""urn:uuid:6090fc4b-b34d-5cff-8f65-acaa06ddd1fc"",""id"":""urn:uuid:22923ef8-ade3-539b-9cdf-a8ab6b2359b5"",""normalized_state"":""published"",""owner_authority_id"":""urn:uuid:4dea4d1d-09ba-504e-9fcd-83524281ca97"",""owner_native_state"":""published"",""payload"":{""bounded_search_text"":""pembuktian logika dan struktur diskrit menyelesaikan relasi rekurensi dengan fungsi pembangkit"",""course_id"":""urn:uuid:8937ae38-2a8f-5cb6-b223-b62da2720974"",""learner_anchor"":null,""learner_url"":""https://kokunoyumeto.github.io/discrete-mathematics-open-introduction-id/"",""locale"":""id-ID"",""native_unit_id"":""urn:uuid:6a2fce3b-3d85-5925-9771-9eb696cc8718"",""order_key"":""0115.000020"",""title"":""Menyelesaikan Relasi Rekurensi dengan Fungsi Pembangkit"",""unit_id"":""urn:uuid:cd1670dd-735a-58ac-9418-6e1ccb9d05c6""},""record_type"":""search_document"",""recorded_at"":""2026-08-30T00:00:00Z"",""semantic_key"":""b10:dmoi4:search:urn:uuid:6a2fce3b-3d85-5925-9771-9eb696cc8718""}"
urn:uuid:df598162-1875-5f19-96d9-b799dce4ea5c,search_document,"{""dataset_id"":""urn:uuid:6090fc4b-b34d-5cff-8f65-acaa06ddd1fc"",""id"":""urn:uuid:df598162-1875-5f19-96d9-b799dce4ea5c"",""normalized_state"":""published"",""owner_authority_id"":""urn:uuid:4dea4d1d-09ba-504e-9fcd-83524281ca97"",""owner_native_state"":""published"",""payload"":{""bounded_search_text"":""pembuktian logika dan struktur diskrit pengantar teori bilangan sec addtops numbth"",""course_id"":""urn:uuid:8937ae38-2a8f-5cb6-b223-b62da2720974"",""learner_anchor"":null,""learner_url"":""https://kokunoyumeto.github.io/discrete-mathematics-open-introduction-id/"",""locale"":""id-ID"",""native_unit_id"":""urn:uuid:37d02e50-6bf0-5833-9ce0-06ed99a899e6"",""order_key"":""0117.000001"",""title"":""Pengantar Teori Bilangan"",""unit_id"":""urn:uuid:54e81c5d-5d01-5a04-990e-de6eb96a6902""},""record_type"":""search_document"",""recorded_at"":""2026-08-30T00:00:00Z"",""semantic_key"":""b10:dmoi4:search:urn:uuid:37d02e50-6bf0-5833-9ce0-06ed99a899e6""}"
urn:uuid:e3ca0b37-d63a-5136-a4df-a95dfa6f9902,search_document,"{""dataset_id"":""urn:uuid:6090fc4b-b34d-5cff-8f65-acaa06ddd1fc"",""id"":""urn:uuid:e3ca0b37-d63a-5136-a4df-a95dfa6f9902"",""normalized_state"":""published"",""owner_authority_id"":""urn:uuid:4dea4d1d-09ba-504e-9fcd-83524281ca97"",""owner_native_state"":""published"",""payload"":{""bounded_search_text"":""pembuktian logika dan struktur diskrit keterbagian"",""course_id"":""urn:uuid:8937ae38-2a8f-5cb6-b223-b62da2720974"",""learner_anchor"":null,""learner_url"":""https://kokunoyumeto.github.io/discrete-mathematics-open-introduction-id/"",""locale"":""id-ID"",""native_unit_id"":""urn:uuid:f915a1a7-a6ca-5bbe-8ed8-f5e82efb9595"",""order_key"":""0117.000003"",""title"":""Keterbagian"",""unit_id"":""urn:uuid:18c8fc56-eccb-542a-aef5-21af80fa752f""},""record_type"":""search_document"",""recorded_at"":""2026-08-30T00:00:00Z"",""semantic_key"":""b10:dmoi4:search:urn:uuid:f915a1a7-a6ca-5bbe-8ed8-f5e82efb9595""}"
urn:uuid:6c078778-e634-542c-96b9-09523e4e85c7,search_document,"{""dataset_id"":""urn:uuid:6090fc4b-b34d-5cff-8f65-acaa06ddd1fc"",""id"":""urn:uuid:6c078778-e634-542c-96b9-09523e4e85c7"",""normalized_state"":""published"",""owner_authority_id"":""urn:uuid:4dea4d1d-09ba-504e-9fcd-83524281ca97"",""owner_native_state"":""published"",""payload"":{""bounded_search_text"":""pembuktian logika dan struktur diskrit kelas sisa"",""course_id"":""urn:uuid:8937ae38-2a8f-5cb6-b223-b62da2720974"",""learner_anchor"":null,""learner_url"":""https://kokunoyumeto.github.io/discrete-mathematics-open-introduction-id/"",""locale"":""id-ID"",""native_unit_id"":""urn:uuid:4e3218ac-6ff1-56fd-af19-325dd636367a"",""order_key"":""0117.000015"",""title"":""Kelas Sisa"",""unit_id"":""urn:uuid:4bc321fc-8c52-5153-937a-57aba5fbe9fa""},""record_type"":""search_document"",""recorded_at"":""2026-08-30T00:00:00Z"",""semantic_key"":""b10:dmoi4:search:urn:uuid:4e3218ac-6ff1-56fd-af19-325dd636367a""}"
urn:uuid:e859eca1-4509-5092-b21e-1c91f0beb8cf,search_document,"{""dataset_id"":""urn:uuid:6090fc4b-b34d-5cff-8f65-acaa06ddd1fc"",""id"":""urn:uuid:e859eca1-4509-5092-b21e-1c91f0beb8cf"",""normalized_state"":""published"",""owner_authority_id"":""urn:uuid:4dea4d1d-09ba-504e-9fcd-83524281ca97"",""owner_native_state"":""published"",""payload"":{""bounded_search_text"":""pembuktian logika dan struktur diskrit sifat sifat kongruensi"",""course_id"":""urn:uuid:8937ae38-2a8f-5cb6-b223-b62da2720974"",""learner_anchor"":null,""learner_url"":""https://kokunoyumeto.github.io/discrete-mathematics-open-introduction-id/"",""locale"":""id-ID"",""native_unit_id"":""urn:uuid:64f38afd-0890-591f-a6e4-63ab497edf03"",""order_key"":""0117.000031"",""title"":""Sifat-Sifat Kongruensi"",""unit_id"":""urn:uuid:3acbd5dc-d1e2-529a-9974-90fb3985affc""},""record_type"":""search_document"",""recorded_at"":""2026-08-30T00:00:00Z"",""semantic_key"":""b10:dmoi4:search:urn:uuid:64f38afd-0890-591f-a6e4-63ab497edf03""}"
urn:uuid:60b5271e-f376-514d-b96b-777b89ab7f1a,search_document,"{""dataset_id"":""urn:uuid:6090fc4b-b34d-5cff-8f65-acaa06ddd1fc"",""id"":""urn:uuid:60b5271e-f376-514d-b96b-777b89ab7f1a"",""normalized_state"":""published"",""owner_authority_id"":""urn:uuid:4dea4d1d-09ba-504e-9fcd-83524281ca97"",""owner_native_state"":""published"",""payload"":{""bounded_search_text"":""pembuktian logika dan struktur diskrit menyelesaikan kongruensi"",""course_id"":""urn:uuid:8937ae38-2a8f-5cb6-b223-b62da2720974"",""learner_anchor"":null,""learner_url"":""https://kokunoyumeto.github.io/discrete-mathematics-open-introduction-id/"",""locale"":""id-ID"",""native_unit_id"":""urn:uuid:70b77669-ed4c-547a-a8df-2a5d42d0b518"",""order_key"":""0117.000049"",""title"":""Menyelesaikan Kongruensi"",""unit_id"":""urn:uuid:e5193416-6ebf-5844-aca8-205a49aa4892""},""record_type"":""search_document"",""recorded_at"":""2026-08-30T00:00:00Z"",""semantic_key"":""b10:dmoi4:search:urn:uuid:70b77669-ed4c-547a-a8df-2a5d42d0b518""}"
urn:uuid:31b98a7b-d696-522b-afbb-557383311363,search_document,"{""dataset_id"":""urn:uuid:6090fc4b-b34d-5cff-8f65-acaa06ddd1fc"",""id"":""urn:uuid:31b98a7b-d696-522b-afbb-557383311363"",""normalized_state"":""published"",""owner_authority_id"":""urn:uuid:4dea4d1d-09ba-504e-9fcd-83524281ca97"",""owner_native_state"":""published"",""payload"":{""bounded_search_text"":""pembuktian logika dan struktur diskrit menyelesaikan persamaan diofantin linear"",""course_id"":""urn:uuid:8937ae38-2a8f-5cb6-b223-b62da2720974"",""learner_anchor"":null,""learner_url"":""https://kokunoyumeto.github.io/discrete-mathematics-open-introduction-id/"",""locale"":""id-ID"",""native_unit_id"":""urn:uuid:0e80a96f-4af1-5314-97c9-52842cb7a949"",""order_key"":""0117.000055"",""title"":""Menyelesaikan Persamaan Diofantin Linear"",""unit_id"":""urn:uuid:1e21056c-08fd-5a0a-8514-41b682488a15""},""record_type"":""search_document"",""recorded_at"":""2026-08-30T00:00:00Z"",""semantic_key"":""b10:dmoi4:search:urn:uuid:0e80a96f-4af1-5314-97c9-52842cb7a949""}"
